TriBase

Nombre de données, Intervalle des données, Taux de dispersion, nombre d'instructions,mémoire maximale(bytes), temps de traitement(us);
10000, 100, 0,150088, 40120, 806;
10000, 100, 0,150088, 40120, 755;
10000, 100, 0,150088, 40120, 756;
10000, 100, 0,150088, 40120, 754;
10000, 100, 0,150088, 40120, 782;
10000, 100, 0,150088, 40120, 803;
10000, 100, 0,150088, 40120, 805;
10000, 100, 0,150088, 40120, 752;
10000, 100, 0,150088, 40120, 757;
10000, 100, 0,150088, 40120, 755;
10000, 100, 25,150088, 40120, 804;
10000, 100, 25,150088, 40120, 804;
10000, 100, 25,150088, 40120, 806;
10000, 100, 25,150088, 40120, 785;
10000, 100, 25,150088, 40120, 806;
10000, 100, 25,150088, 40120, 872;
10000, 100, 25,150088, 40120, 803;
10000, 100, 25,150088, 40120, 806;
10000, 100, 25,150088, 40120, 812;
10000, 100, 25,150088, 40120, 809;
10000, 100, 50,150088, 40120, 806;
10000, 100, 50,150088, 40120, 1464;
10000, 100, 50,150088, 40120, 1371;
10000, 100, 50,150088, 40120, 1341;
10000, 100, 50,150088, 40120, 921;
10000, 100, 50,150088, 40120, 810;
10000, 100, 50,150088, 40120, 831;
10000, 100, 50,150088, 40120, 805;
10000, 100, 50,150088, 40120, 806;
10000, 100, 50,150088, 40120, 805;
10000, 100, 75,150088, 40120, 805;
10000, 100, 75,150088, 40120, 805;
10000, 100, 75,150088, 40120, 805;
10000, 100, 75,150088, 40120, 813;
10000, 100, 75,150088, 40120, 773;
10000, 100, 75,150088, 40120, 753;
10000, 100, 75,150088, 40120, 834;
10000, 100, 75,150088, 40120, 811;
10000, 100, 75,150088, 40120, 789;
10000, 100, 75,150088, 40120, 776;
10000, 100, 100,150088, 40120, 807;
10000, 100, 100,150088, 40120, 806;
10000, 100, 100,150088, 40120, 774;
10000, 100, 100,150088, 40120, 792;
10000, 100, 100,150088, 40120, 776;
10000, 100, 100,150088, 40120, 776;
10000, 100, 100,150088, 40120, 807;
10000, 100, 100,150088, 40120, 753;
10000, 100, 100,150088, 40120, 755;
10000, 100, 100,150088, 40120, 755;
10000, 10000, 0,250146, 40120, 1568;
10000, 10000, 0,250146, 40120, 1263;
10000, 10000, 0,250146, 40120, 1263;
10000, 10000, 0,250146, 40120, 1264;
10000, 10000, 0,250146, 40120, 1337;
10000, 10000, 0,250146, 40120, 1308;
10000, 10000, 0,250146, 40120, 1262;
10000, 10000, 0,250146, 40120, 1265;
10000, 10000, 0,250146, 40120, 1298;
10000, 10000, 0,250146, 40120, 1264;
10000, 10000, 25,250146, 40120, 1345;
10000, 10000, 25,250146, 40120, 1351;
10000, 10000, 25,250146, 40120, 1347;
10000, 10000, 25,250146, 40120, 1417;
10000, 10000, 25,250146, 40120, 1374;
10000, 10000, 25,250146, 40120, 1357;
10000, 10000, 25,250146, 40120, 1452;
10000, 10000, 25,250146, 40120, 1346;
10000, 10000, 25,250146, 40120, 1378;
10000, 10000, 25,250146, 40120, 1349;
10000, 10000, 50,250146, 40120, 1346;
10000, 10000, 50,250146, 40120, 1347;
10000, 10000, 50,250146, 40120, 1698;
10000, 10000, 50,250146, 40120, 2082;
10000, 10000, 50,250146, 40120, 1460;
10000, 10000, 50,250146, 40120, 1263;
10000, 10000, 50,250146, 40120, 1348;
10000, 10000, 50,250146, 40120, 1353;
10000, 10000, 50,250146, 40120, 1353;
10000, 10000, 50,250146, 40120, 1320;
10000, 10000, 75,250146, 40120, 1361;
10000, 10000, 75,250146, 40120, 1263;
10000, 10000, 75,250146, 40120, 1261;
10000, 10000, 75,250146, 40120, 1347;
10000, 10000, 75,250146, 40120, 1346;
10000, 10000, 75,250146, 40120, 1347;
10000, 10000, 75,250146, 40120, 1349;
10000, 10000, 75,250146, 40120, 1263;
10000, 10000, 75,250146, 40120, 1263;
10000, 10000, 75,250146, 40120, 1271;
10000, 10000, 100,250146, 40120, 1263;
10000, 10000, 100,250146, 40120, 1261;
10000, 10000, 100,250146, 40120, 1262;
10000, 10000, 100,250146, 40120, 1263;
10000, 10000, 100,250146, 40120, 1322;
10000, 10000, 100,250146, 40120, 1267;
10000, 10000, 100,250146, 40120, 1263;
10000, 10000, 100,250146, 40120, 1287;
10000, 10000, 100,250146, 40120, 1368;
10000, 10000, 100,250146, 40120, 1355;
10000, 1000000, 0,350204, 40120, 1840;
10000, 1000000, 0,350204, 40120, 2401;
10000, 1000000, 0,350204, 40120, 1886;
10000, 1000000, 0,350204, 40120, 1884;
10000, 1000000, 0,350204, 40120, 1884;
10000, 1000000, 0,350204, 40120, 1881;
10000, 1000000, 0,350204, 40120, 1881;
10000, 1000000, 0,350204, 40120, 1884;
10000, 1000000, 0,350204, 40120, 1886;
10000, 1000000, 0,350204, 40120, 1888;
10000, 1000000, 25,350204, 40120, 1882;
10000, 1000000, 25,350204, 40120, 1882;
10000, 1000000, 25,350204, 40120, 1885;
10000, 1000000, 25,350204, 40120, 1886;
10000, 1000000, 25,350204, 40120, 1926;
10000, 1000000, 25,350204, 40120, 1884;
10000, 1000000, 25,350204, 40120, 1885;
10000, 1000000, 25,350204, 40120, 1882;
10000, 1000000, 25,350204, 40120, 1886;
10000, 1000000, 25,350204, 40120, 1884;
10000, 1000000, 50,350204, 40120, 2884;
10000, 1000000, 50,350204, 40120, 2870;
10000, 1000000, 50,350204, 40120, 2869;
10000, 1000000, 50,350204, 40120, 1887;
10000, 1000000, 50,350204, 40120, 1888;
10000, 1000000, 50,350204, 40120, 1887;
10000, 1000000, 50,350204, 40120, 2892;
10000, 1000000, 50,350204, 40120, 1886;
10000, 1000000, 50,350204, 40120, 1884;
10000, 1000000, 50,350204, 40120, 1945;
10000, 1000000, 75,350204, 40120, 1888;
10000, 1000000, 75,350204, 40120, 1886;
10000, 1000000, 75,350204, 40120, 1944;
10000, 1000000, 75,350204, 40120, 1886;
10000, 1000000, 75,350204, 40120, 1889;
10000, 1000000, 75,350204, 40120, 1884;
10000, 1000000, 75,350204, 40120, 2906;
10000, 1000000, 75,350204, 40120, 1886;
10000, 1000000, 75,350204, 40120, 1882;
10000, 1000000, 75,350204, 40120, 2129;
10000, 1000000, 100,350204, 40120, 2395;
10000, 1000000, 100,350204, 40120, 2635;
10000, 1000000, 100,350204, 40120, 2899;
10000, 1000000, 100,350204, 40120, 2896;
10000, 1000000, 100,350204, 40120, 1885;
10000, 1000000, 100,350204, 40120, 1883;
10000, 1000000, 100,350204, 40120, 1886;
10000, 1000000, 100,350204, 40120, 1883;
10000, 1000000, 100,350204, 40120, 1880;
10000, 1000000, 100,350204, 40120, 1886;
10000, 100000000, 0,450262, 40120, 2417;
10000, 100000000, 0,450262, 40120, 2418;
10000, 100000000, 0,450262, 40120, 2565;
10000, 100000000, 0,450262, 40120, 2448;
10000, 100000000, 0,450262, 40120, 2416;
10000, 100000000, 0,450262, 40120, 2447;
10000, 100000000, 0,450262, 40120, 2417;
10000, 100000000, 0,450262, 40120, 2413;
10000, 100000000, 0,450262, 40120, 2420;
10000, 100000000, 0,450262, 40120, 2417;
10000, 100000000, 25,450262, 40120, 2414;
10000, 100000000, 25,450262, 40120, 3376;
10000, 100000000, 25,450262, 40120, 3667;
10000, 100000000, 25,450262, 40120, 2438;
10000, 100000000, 25,450262, 40120, 2265;
10000, 100000000, 25,450262, 40120, 2265;
10000, 100000000, 25,450262, 40120, 2264;
10000, 100000000, 25,450262, 40120, 2266;
10000, 100000000, 25,450262, 40120, 2296;
10000, 100000000, 25,450262, 40120, 2265;
10000, 100000000, 50,450262, 40120, 2367;
10000, 100000000, 50,450262, 40120, 2315;
10000, 100000000, 50,450262, 40120, 2392;
10000, 100000000, 50,450262, 40120, 2305;
10000, 100000000, 50,450262, 40120, 2287;
10000, 100000000, 50,450262, 40120, 2264;
10000, 100000000, 50,450262, 40120, 2264;
10000, 100000000, 50,450262, 40120, 2264;
10000, 100000000, 50,450262, 40120, 2292;
10000, 100000000, 50,450262, 40120, 2417;
10000, 100000000, 75,450262, 40120, 2418;
10000, 100000000, 75,450262, 40120, 2424;
10000, 100000000, 75,450262, 40120, 2262;
10000, 100000000, 75,450262, 40120, 2265;
10000, 100000000, 75,450262, 40120, 2290;
10000, 100000000, 75,450262, 40120, 2265;
10000, 100000000, 75,450262, 40120, 2269;
10000, 100000000, 75,450262, 40120, 2265;
10000, 100000000, 75,450262, 40120, 2375;
10000, 100000000, 75,450262, 40120, 2265;
10000, 100000000, 100,450262, 40120, 2416;
10000, 100000000, 100,450262, 40120, 2825;
10000, 100000000, 100,450262, 40120, 2264;
10000, 100000000, 100,450262, 40120, 2298;
10000, 100000000, 100,450262, 40120, 2300;
10000, 100000000, 100,450262, 40120, 2417;
10000, 100000000, 100,450262, 40120, 2264;
10000, 100000000, 100,450262, 40120, 2297;
10000, 100000000, 100,450262, 40120, 2263;
10000, 100000000, 100,450262, 40120, 2266;
20000, 100, 0,300088, 80120, 1508;
20000, 100, 0,300088, 80120, 1591;
20000, 100, 0,300088, 80120, 1521;
20000, 100, 0,300088, 80120, 1512;
20000, 100, 0,300088, 80120, 1511;
20000, 100, 0,300088, 80120, 1512;
20000, 100, 0,300088, 80120, 1644;
20000, 100, 0,300088, 80120, 1509;
20000, 100, 0,300088, 80120, 1514;
20000, 100, 0,300088, 80120, 1511;
20000, 100, 25,300088, 80120, 1512;
20000, 100, 25,300088, 80120, 1640;
20000, 100, 25,300088, 80120, 1655;
20000, 100, 25,300088, 80120, 1542;
20000, 100, 25,300088, 80120, 1513;
20000, 100, 25,300088, 80120, 1512;
20000, 100, 25,300088, 80120, 1726;
20000, 100, 25,300088, 80120, 1612;
20000, 100, 25,300088, 80120, 1528;
20000, 100, 25,300088, 80120, 1509;
20000, 100, 50,300088, 80120, 1557;
20000, 100, 50,300088, 80120, 1619;
20000, 100, 50,300088, 80120, 1514;
20000, 100, 50,300088, 80120, 1690;
20000, 100, 50,300088, 80120, 1510;
20000, 100, 50,300088, 80120, 1511;
20000, 100, 50,300088, 80120, 1510;
20000, 100, 50,300088, 80120, 1512;
20000, 100, 50,300088, 80120, 1613;
20000, 100, 50,300088, 80120, 1579;
20000, 100, 75,300088, 80120, 1610;
20000, 100, 75,300088, 80120, 1617;
20000, 100, 75,300088, 80120, 1511;
20000, 100, 75,300088, 80120, 1587;
20000, 100, 75,300088, 80120, 1508;
20000, 100, 75,300088, 80120, 1508;
20000, 100, 75,300088, 80120, 1614;
20000, 100, 75,300088, 80120, 1611;
20000, 100, 75,300088, 80120, 1633;
20000, 100, 75,300088, 80120, 1611;
20000, 100, 100,300088, 80120, 1557;
20000, 100, 100,300088, 80120, 1514;
20000, 100, 100,300088, 80120, 1511;
20000, 100, 100,300088, 80120, 1573;
20000, 100, 100,300088, 80120, 1542;
20000, 100, 100,300088, 80120, 1876;
20000, 100, 100,300088, 80120, 1610;
20000, 100, 100,300088, 80120, 2360;
20000, 100, 100,300088, 80120, 2274;
20000, 100, 100,300088, 80120, 1610;
20000, 10000, 0,500146, 80120, 2694;
20000, 10000, 0,500146, 80120, 2876;
20000, 10000, 0,500146, 80120, 2554;
20000, 10000, 0,500146, 80120, 2647;
20000, 10000, 0,500146, 80120, 3434;
20000, 10000, 0,500146, 80120, 2721;
20000, 10000, 0,500146, 80120, 2536;
20000, 10000, 0,500146, 80120, 2529;
20000, 10000, 0,500146, 80120, 2744;
20000, 10000, 0,500146, 80120, 2530;
20000, 10000, 25,500146, 80120, 2715;
20000, 10000, 25,500146, 80120, 2529;
20000, 10000, 25,500146, 80120, 2712;
20000, 10000, 25,500146, 80120, 2529;
20000, 10000, 25,500146, 80120, 2642;
20000, 10000, 25,500146, 80120, 2530;
20000, 10000, 25,500146, 80120, 2725;
20000, 10000, 25,500146, 80120, 2697;
20000, 10000, 25,500146, 80120, 2696;
20000, 10000, 25,500146, 80120, 2558;
20000, 10000, 50,500146, 80120, 2569;
20000, 10000, 50,500146, 80120, 2650;
20000, 10000, 50,500146, 80120, 2590;
20000, 10000, 50,500146, 80120, 2648;
20000, 10000, 50,500146, 80120, 2529;
20000, 10000, 50,500146, 80120, 2527;
20000, 10000, 50,500146, 80120, 2526;
20000, 10000, 50,500146, 80120, 2530;
20000, 10000, 50,500146, 80120, 2534;
20000, 10000, 50,500146, 80120, 2560;
20000, 10000, 75,500146, 80120, 2702;
20000, 10000, 75,500146, 80120, 2703;
20000, 10000, 75,500146, 80120, 2629;
20000, 10000, 75,500146, 80120, 2531;
20000, 10000, 75,500146, 80120, 2559;
20000, 10000, 75,500146, 80120, 2532;
20000, 10000, 75,500146, 80120, 2528;
20000, 10000, 75,500146, 80120, 2531;
20000, 10000, 75,500146, 80120, 2530;
20000, 10000, 75,500146, 80120, 2534;
20000, 10000, 100,500146, 80120, 2698;
20000, 10000, 100,500146, 80120, 2927;
20000, 10000, 100,500146, 80120, 2771;
20000, 10000, 100,500146, 80120, 2672;
20000, 10000, 100,500146, 80120, 2697;
20000, 10000, 100,500146, 80120, 2775;
20000, 10000, 100,500146, 80120, 2697;
20000, 10000, 100,500146, 80120, 2869;
20000, 10000, 100,500146, 80120, 2699;
20000, 10000, 100,500146, 80120, 2750;
20000, 1000000, 0,700204, 80120, 3933;
20000, 1000000, 0,700204, 80120, 3772;
20000, 1000000, 0,700204, 80120, 3796;
20000, 1000000, 0,700204, 80120, 3811;
20000, 1000000, 0,700204, 80120, 3797;
20000, 1000000, 0,700204, 80120, 3792;
20000, 1000000, 0,700204, 80120, 3821;
20000, 1000000, 0,700204, 80120, 3949;
20000, 1000000, 0,700204, 80120, 4315;
20000, 1000000, 0,700204, 80120, 5116;
20000, 1000000, 25,700204, 80120, 4651;
20000, 1000000, 25,700204, 80120, 3936;
20000, 1000000, 25,700204, 80120, 3534;
20000, 1000000, 25,700204, 80120, 4257;
20000, 1000000, 25,700204, 80120, 3537;
20000, 1000000, 25,700204, 80120, 3539;
20000, 1000000, 25,700204, 80120, 3577;
20000, 1000000, 25,700204, 80120, 3537;
20000, 1000000, 25,700204, 80120, 3899;
20000, 1000000, 25,700204, 80120, 3552;
20000, 1000000, 50,700204, 80120, 3538;
20000, 1000000, 50,700204, 80120, 3876;
20000, 1000000, 50,700204, 80120, 3535;
20000, 1000000, 50,700204, 80120, 4202;
20000, 1000000, 50,700204, 80120, 3532;
20000, 1000000, 50,700204, 80120, 5160;
20000, 1000000, 50,700204, 80120, 3644;
20000, 1000000, 50,700204, 80120, 3535;
20000, 1000000, 50,700204, 80120, 3682;
20000, 1000000, 50,700204, 80120, 3536;
20000, 1000000, 75,700204, 80120, 3537;
20000, 1000000, 75,700204, 80120, 3536;
20000, 1000000, 75,700204, 80120, 3549;
20000, 1000000, 75,700204, 80120, 3579;
20000, 1000000, 75,700204, 80120, 3535;
20000, 1000000, 75,700204, 80120, 3826;
20000, 1000000, 75,700204, 80120, 3536;
20000, 1000000, 75,700204, 80120, 3728;
20000, 1000000, 75,700204, 80120, 3566;
20000, 1000000, 75,700204, 80120, 3535;
20000, 1000000, 100,700204, 80120, 3859;
20000, 1000000, 100,700204, 80120, 3775;
20000, 1000000, 100,700204, 80120, 3775;
20000, 1000000, 100,700204, 80120, 3798;
20000, 1000000, 100,700204, 80120, 3772;
20000, 1000000, 100,700204, 80120, 3764;
20000, 1000000, 100,700204, 80120, 3535;
20000, 1000000, 100,700204, 80120, 3600;
20000, 1000000, 100,700204, 80120, 3535;
20000, 1000000, 100,700204, 80120, 3782;
20000, 100000000, 0,900262, 80120, 4945;
20000, 100000000, 0,900262, 80120, 4835;
20000, 100000000, 0,900262, 80120, 4535;
20000, 100000000, 0,900262, 80120, 4952;
20000, 100000000, 0,900262, 80120, 4843;
20000, 100000000, 0,900262, 80120, 4840;
20000, 100000000, 0,900262, 80120, 4825;
20000, 100000000, 0,900262, 80120, 4837;
20000, 100000000, 0,900262, 80120, 5095;
20000, 100000000, 0,900262, 80120, 5147;
20000, 100000000, 25,900262, 80120, 6475;
20000, 100000000, 25,900262, 80120, 4837;
20000, 100000000, 25,900262, 80120, 4842;
20000, 100000000, 25,900262, 80120, 4923;
20000, 100000000, 25,900262, 80120, 4835;
20000, 100000000, 25,900262, 80120, 4842;
20000, 100000000, 25,900262, 80120, 4854;
20000, 100000000, 25,900262, 80120, 4855;
20000, 100000000, 25,900262, 80120, 7344;
20000, 100000000, 25,900262, 80120, 5140;
20000, 100000000, 50,900262, 80120, 5424;
20000, 100000000, 50,900262, 80120, 4539;
20000, 100000000, 50,900262, 80120, 4738;
20000, 100000000, 50,900262, 80120, 4531;
20000, 100000000, 50,900262, 80120, 4534;
20000, 100000000, 50,900262, 80120, 5255;
20000, 100000000, 50,900262, 80120, 4838;
20000, 100000000, 50,900262, 80120, 4544;
20000, 100000000, 50,900262, 80120, 4604;
20000, 100000000, 50,900262, 80120, 4536;
20000, 100000000, 75,900262, 80120, 4841;
20000, 100000000, 75,900262, 80120, 4670;
20000, 100000000, 75,900262, 80120, 4534;
20000, 100000000, 75,900262, 80120, 4539;
20000, 100000000, 75,900262, 80120, 4816;
20000, 100000000, 75,900262, 80120, 4565;
20000, 100000000, 75,900262, 80120, 4601;
20000, 100000000, 75,900262, 80120, 4577;
20000, 100000000, 75,900262, 80120, 5917;
20000, 100000000, 75,900262, 80120, 4538;
20000, 100000000, 100,900262, 80120, 4945;
20000, 100000000, 100,900262, 80120, 4535;
20000, 100000000, 100,900262, 80120, 4531;
20000, 100000000, 100,900262, 80120, 4634;
20000, 100000000, 100,900262, 80120, 4536;
20000, 100000000, 100,900262, 80120, 4645;
20000, 100000000, 100,900262, 80120, 4572;
20000, 100000000, 100,900262, 80120, 4650;
20000, 100000000, 100,900262, 80120, 4857;
20000, 100000000, 100,900262, 80120, 4533;
30000, 100, 0,450088, 120120, 2265;
30000, 100, 0,450088, 120120, 2274;
30000, 100, 0,450088, 120120, 2613;
30000, 100, 0,450088, 120120, 2339;
30000, 100, 0,450088, 120120, 2317;
30000, 100, 0,450088, 120120, 2315;
30000, 100, 0,450088, 120120, 2347;
30000, 100, 0,450088, 120120, 2304;
30000, 100, 0,450088, 120120, 2297;
30000, 100, 0,450088, 120120, 2266;
30000, 100, 25,450088, 120120, 2268;
30000, 100, 25,450088, 120120, 2853;
30000, 100, 25,450088, 120120, 2417;
30000, 100, 25,450088, 120120, 2422;
30000, 100, 25,450088, 120120, 2265;
30000, 100, 25,450088, 120120, 2265;
30000, 100, 25,450088, 120120, 2398;
30000, 100, 25,450088, 120120, 2261;
30000, 100, 25,450088, 120120, 3683;
30000, 100, 25,450088, 120120, 3619;
30000, 100, 50,450088, 120120, 2417;
30000, 100, 50,450088, 120120, 2269;
30000, 100, 50,450088, 120120, 2414;
30000, 100, 50,450088, 120120, 3229;
30000, 100, 50,450088, 120120, 2264;
30000, 100, 50,450088, 120120, 2268;
30000, 100, 50,450088, 120120, 2350;
30000, 100, 50,450088, 120120, 2263;
30000, 100, 50,450088, 120120, 2503;
30000, 100, 50,450088, 120120, 2265;
30000, 100, 75,450088, 120120, 2264;
30000, 100, 75,450088, 120120, 2388;
30000, 100, 75,450088, 120120, 2264;
30000, 100, 75,450088, 120120, 2428;
30000, 100, 75,450088, 120120, 2266;
30000, 100, 75,450088, 120120, 2265;
30000, 100, 75,450088, 120120, 2332;
30000, 100, 75,450088, 120120, 2310;
30000, 100, 75,450088, 120120, 2406;
30000, 100, 75,450088, 120120, 2316;
30000, 100, 100,450088, 120120, 2327;
30000, 100, 100,450088, 120120, 2327;
30000, 100, 100,450088, 120120, 2307;
30000, 100, 100,450088, 120120, 2292;
30000, 100, 100,450088, 120120, 2264;
30000, 100, 100,450088, 120120, 2418;
30000, 100, 100,450088, 120120, 2486;
30000, 100, 100,450088, 120120, 2415;
30000, 100, 100,450088, 120120, 2426;
30000, 100, 100,450088, 120120, 2482;
30000, 10000, 0,750146, 120120, 4056;
30000, 10000, 0,750146, 120120, 3791;
30000, 10000, 0,750146, 120120, 3816;
30000, 10000, 0,750146, 120120, 3792;
30000, 10000, 0,750146, 120120, 3898;
30000, 10000, 0,750146, 120120, 4047;
30000, 10000, 0,750146, 120120, 4048;
30000, 10000, 0,750146, 120120, 4054;
30000, 10000, 0,750146, 120120, 4052;
30000, 10000, 0,750146, 120120, 4046;
30000, 10000, 25,750146, 120120, 3873;
30000, 10000, 25,750146, 120120, 4061;
30000, 10000, 25,750146, 120120, 7454;
30000, 10000, 25,750146, 120120, 4054;
30000, 10000, 25,750146, 120120, 4041;
30000, 10000, 25,750146, 120120, 4048;
30000, 10000, 25,750146, 120120, 4206;
30000, 10000, 25,750146, 120120, 4883;
30000, 10000, 25,750146, 120120, 4305;
30000, 10000, 25,750146, 120120, 4047;
30000, 10000, 50,750146, 120120, 4045;
30000, 10000, 50,750146, 120120, 4043;
30000, 10000, 50,750146, 120120, 5455;
30000, 10000, 50,750146, 120120, 4047;
30000, 10000, 50,750146, 120120, 4123;
30000, 10000, 50,750146, 120120, 3790;
30000, 10000, 50,750146, 120120, 4047;
30000, 10000, 50,750146, 120120, 3791;
30000, 10000, 50,750146, 120120, 3973;
30000, 10000, 50,750146, 120120, 3790;
30000, 10000, 75,750146, 120120, 4358;
30000, 10000, 75,750146, 120120, 4735;
30000, 10000, 75,750146, 120120, 3794;
30000, 10000, 75,750146, 120120, 4022;
30000, 10000, 75,750146, 120120, 3939;
30000, 10000, 75,750146, 120120, 3841;
30000, 10000, 75,750146, 120120, 3911;
30000, 10000, 75,750146, 120120, 3913;
30000, 10000, 75,750146, 120120, 4053;
30000, 10000, 75,750146, 120120, 4009;
30000, 10000, 100,750146, 120120, 3899;
30000, 10000, 100,750146, 120120, 3840;
30000, 10000, 100,750146, 120120, 3795;
30000, 10000, 100,750146, 120120, 3792;
30000, 10000, 100,750146, 120120, 3843;
30000, 10000, 100,750146, 120120, 3792;
30000, 10000, 100,750146, 120120, 3795;
30000, 10000, 100,750146, 120120, 4057;
30000, 10000, 100,750146, 120120, 3991;
30000, 10000, 100,750146, 120120, 3795;
30000, 1000000, 0,1050204, 120120, 5668;
30000, 1000000, 0,1050204, 120120, 5303;
30000, 1000000, 0,1050204, 120120, 5300;
30000, 1000000, 0,1050204, 120120, 5330;
30000, 1000000, 0,1050204, 120120, 8226;
30000, 1000000, 0,1050204, 120120, 9134;
30000, 1000000, 0,1050204, 120120, 5363;
30000, 1000000, 0,1050204, 120120, 5413;
30000, 1000000, 0,1050204, 120120, 5774;
30000, 1000000, 0,1050204, 120120, 8678;
30000, 1000000, 25,1050204, 120120, 5709;
30000, 1000000, 25,1050204, 120120, 5655;
30000, 1000000, 25,1050204, 120120, 5692;
30000, 1000000, 25,1050204, 120120, 5336;
30000, 1000000, 25,1050204, 120120, 5303;
30000, 1000000, 25,1050204, 120120, 5429;
30000, 1000000, 25,1050204, 120120, 5348;
30000, 1000000, 25,1050204, 120120, 5329;
30000, 1000000, 25,1050204, 120120, 5306;
30000, 1000000, 25,1050204, 120120, 6329;
30000, 1000000, 50,1050204, 120120, 5318;
30000, 1000000, 50,1050204, 120120, 5301;
30000, 1000000, 50,1050204, 120120, 5411;
30000, 1000000, 50,1050204, 120120, 5340;
30000, 1000000, 50,1050204, 120120, 5300;
30000, 1000000, 50,1050204, 120120, 5300;
30000, 1000000, 50,1050204, 120120, 5332;
30000, 1000000, 50,1050204, 120120, 5508;
30000, 1000000, 50,1050204, 120120, 5553;
30000, 1000000, 50,1050204, 120120, 5399;
30000, 1000000, 75,1050204, 120120, 5414;
30000, 1000000, 75,1050204, 120120, 5407;
30000, 1000000, 75,1050204, 120120, 5460;
30000, 1000000, 75,1050204, 120120, 5487;
30000, 1000000, 75,1050204, 120120, 5339;
30000, 1000000, 75,1050204, 120120, 5352;
30000, 1000000, 75,1050204, 120120, 5303;
30000, 1000000, 75,1050204, 120120, 5301;
30000, 1000000, 75,1050204, 120120, 5411;
30000, 1000000, 75,1050204, 120120, 5367;
30000, 1000000, 100,1050204, 120120, 5369;
30000, 1000000, 100,1050204, 120120, 5305;
30000, 1000000, 100,1050204, 120120, 5406;
30000, 1000000, 100,1050204, 120120, 5695;
30000, 1000000, 100,1050204, 120120, 5684;
30000, 1000000, 100,1050204, 120120, 5302;
30000, 1000000, 100,1050204, 120120, 7497;
30000, 1000000, 100,1050204, 120120, 6655;
30000, 1000000, 100,1050204, 120120, 6157;
30000, 1000000, 100,1050204, 120120, 5423;
30000, 100000000, 0,1350262, 120120, 7210;
30000, 100000000, 0,1350262, 120120, 7064;
30000, 100000000, 0,1350262, 120120, 7280;
30000, 100000000, 0,1350262, 120120, 6933;
30000, 100000000, 0,1350262, 120120, 7040;
30000, 100000000, 0,1350262, 120120, 7086;
30000, 100000000, 0,1350262, 120120, 7182;
30000, 100000000, 0,1350262, 120120, 6891;
30000, 100000000, 0,1350262, 120120, 6801;
30000, 100000000, 0,1350262, 120120, 6902;
30000, 100000000, 25,1350262, 120120, 7132;
30000, 100000000, 25,1350262, 120120, 6869;
30000, 100000000, 25,1350262, 120120, 7508;
30000, 100000000, 25,1350262, 120120, 6965;
30000, 100000000, 25,1350262, 120120, 6819;
30000, 100000000, 25,1350262, 120120, 6916;
30000, 100000000, 25,1350262, 120120, 6797;
30000, 100000000, 25,1350262, 120120, 6799;
30000, 100000000, 25,1350262, 120120, 7427;
30000, 100000000, 25,1350262, 120120, 7049;
30000, 100000000, 50,1350262, 120120, 6944;
30000, 100000000, 50,1350262, 120120, 6875;
30000, 100000000, 50,1350262, 120120, 6914;
30000, 100000000, 50,1350262, 120120, 6992;
30000, 100000000, 50,1350262, 120120, 6948;
30000, 100000000, 50,1350262, 120120, 6861;
30000, 100000000, 50,1350262, 120120, 6796;
30000, 100000000, 50,1350262, 120120, 6815;
30000, 100000000, 50,1350262, 120120, 6805;
30000, 100000000, 50,1350262, 120120, 7265;
30000, 100000000, 75,1350262, 120120, 7577;
30000, 100000000, 75,1350262, 120120, 7075;
30000, 100000000, 75,1350262, 120120, 11666;
30000, 100000000, 75,1350262, 120120, 7418;
30000, 100000000, 75,1350262, 120120, 7253;
30000, 100000000, 75,1350262, 120120, 7501;
30000, 100000000, 75,1350262, 120120, 6936;
30000, 100000000, 75,1350262, 120120, 9864;
30000, 100000000, 75,1350262, 120120, 6805;
30000, 100000000, 75,1350262, 120120, 6892;
30000, 100000000, 100,1350262, 120120, 7422;
30000, 100000000, 100,1350262, 120120, 6948;
30000, 100000000, 100,1350262, 120120, 7105;
30000, 100000000, 100,1350262, 120120, 6901;
30000, 100000000, 100,1350262, 120120, 6826;
30000, 100000000, 100,1350262, 120120, 6970;
30000, 100000000, 100,1350262, 120120, 6867;
30000, 100000000, 100,1350262, 120120, 6852;
30000, 100000000, 100,1350262, 120120, 6843;
30000, 100000000, 100,1350262, 120120, 6864;
40000, 100, 0,600088, 160120, 3022;
40000, 100, 0,600088, 160120, 3071;
40000, 100, 0,600088, 160120, 3039;
40000, 100, 0,600088, 160120, 3176;
40000, 100, 0,600088, 160120, 3023;
40000, 100, 0,600088, 160120, 3243;
40000, 100, 0,600088, 160120, 3081;
40000, 100, 0,600088, 160120, 3021;
40000, 100, 0,600088, 160120, 3061;
40000, 100, 0,600088, 160120, 3033;
40000, 100, 25,600088, 160120, 3025;
40000, 100, 25,600088, 160120, 3265;
40000, 100, 25,600088, 160120, 3088;
40000, 100, 25,600088, 160120, 3089;
40000, 100, 25,600088, 160120, 3248;
40000, 100, 25,600088, 160120, 3229;
40000, 100, 25,600088, 160120, 3354;
40000, 100, 25,600088, 160120, 3222;
40000, 100, 25,600088, 160120, 3219;
40000, 100, 25,600088, 160120, 3231;
40000, 100, 50,600088, 160120, 4533;
40000, 100, 50,600088, 160120, 3024;
40000, 100, 50,600088, 160120, 3024;
40000, 100, 50,600088, 160120, 3126;
40000, 100, 50,600088, 160120, 3025;
40000, 100, 50,600088, 160120, 3022;
40000, 100, 50,600088, 160120, 3890;
40000, 100, 50,600088, 160120, 3023;
40000, 100, 50,600088, 160120, 3193;
40000, 100, 50,600088, 160120, 3023;
40000, 100, 75,600088, 160120, 3224;
40000, 100, 75,600088, 160120, 3025;
40000, 100, 75,600088, 160120, 3024;
40000, 100, 75,600088, 160120, 3097;
40000, 100, 75,600088, 160120, 3223;
40000, 100, 75,600088, 160120, 3091;
40000, 100, 75,600088, 160120, 3337;
40000, 100, 75,600088, 160120, 3030;
40000, 100, 75,600088, 160120, 3022;
40000, 100, 75,600088, 160120, 3024;
40000, 100, 100,600088, 160120, 3022;
40000, 100, 100,600088, 160120, 3191;
40000, 100, 100,600088, 160120, 3047;
40000, 100, 100,600088, 160120, 3023;
40000, 100, 100,600088, 160120, 3023;
40000, 100, 100,600088, 160120, 3023;
40000, 100, 100,600088, 160120, 3055;
40000, 100, 100,600088, 160120, 3027;
40000, 100, 100,600088, 160120, 3022;
40000, 100, 100,600088, 160120, 3020;
40000, 10000, 0,1000146, 160120, 5079;
40000, 10000, 0,1000146, 160120, 5057;
40000, 10000, 0,1000146, 160120, 5401;
40000, 10000, 0,1000146, 160120, 6048;
40000, 10000, 0,1000146, 160120, 7632;
40000, 10000, 0,1000146, 160120, 6418;
40000, 10000, 0,1000146, 160120, 5158;
40000, 10000, 0,1000146, 160120, 5393;
40000, 10000, 0,1000146, 160120, 5055;
40000, 10000, 0,1000146, 160120, 5396;
40000, 10000, 25,1000146, 160120, 5400;
40000, 10000, 25,1000146, 160120, 5063;
40000, 10000, 25,1000146, 160120, 5062;
40000, 10000, 25,1000146, 160120, 5060;
40000, 10000, 25,1000146, 160120, 5061;
40000, 10000, 25,1000146, 160120, 5061;
40000, 10000, 25,1000146, 160120, 5059;
40000, 10000, 25,1000146, 160120, 5062;
40000, 10000, 25,1000146, 160120, 6005;
40000, 10000, 25,1000146, 160120, 5134;
40000, 10000, 50,1000146, 160120, 8340;
40000, 10000, 50,1000146, 160120, 5062;
40000, 10000, 50,1000146, 160120, 5131;
40000, 10000, 50,1000146, 160120, 5077;
40000, 10000, 50,1000146, 160120, 5061;
40000, 10000, 50,1000146, 160120, 5083;
40000, 10000, 50,1000146, 160120, 5136;
40000, 10000, 50,1000146, 160120, 5093;
40000, 10000, 50,1000146, 160120, 5538;
40000, 10000, 50,1000146, 160120, 5199;
40000, 10000, 75,1000146, 160120, 5401;
40000, 10000, 75,1000146, 160120, 5156;
40000, 10000, 75,1000146, 160120, 5065;
40000, 10000, 75,1000146, 160120, 5164;
40000, 10000, 75,1000146, 160120, 5549;
40000, 10000, 75,1000146, 160120, 5767;
40000, 10000, 75,1000146, 160120, 5400;
40000, 10000, 75,1000146, 160120, 5823;
40000, 10000, 75,1000146, 160120, 8000;
40000, 10000, 75,1000146, 160120, 5396;
40000, 10000, 100,1000146, 160120, 5062;
40000, 10000, 100,1000146, 160120, 5397;
40000, 10000, 100,1000146, 160120, 5398;
40000, 10000, 100,1000146, 160120, 5091;
40000, 10000, 100,1000146, 160120, 5058;
40000, 10000, 100,1000146, 160120, 5065;
40000, 10000, 100,1000146, 160120, 5060;
40000, 10000, 100,1000146, 160120, 5061;
40000, 10000, 100,1000146, 160120, 5429;
40000, 10000, 100,1000146, 160120, 5088;
40000, 1000000, 0,1400204, 160120, 7225;
40000, 1000000, 0,1400204, 160120, 7140;
40000, 1000000, 0,1400204, 160120, 7188;
40000, 1000000, 0,1400204, 160120, 8046;
40000, 1000000, 0,1400204, 160120, 7070;
40000, 1000000, 0,1400204, 160120, 7298;
40000, 1000000, 0,1400204, 160120, 7079;
40000, 1000000, 0,1400204, 160120, 7186;
40000, 1000000, 0,1400204, 160120, 7484;
40000, 1000000, 0,1400204, 160120, 7622;
40000, 1000000, 25,1400204, 160120, 7109;
40000, 1000000, 25,1400204, 160120, 7078;
40000, 1000000, 25,1400204, 160120, 7068;
40000, 1000000, 25,1400204, 160120, 7072;
40000, 1000000, 25,1400204, 160120, 7070;
40000, 1000000, 25,1400204, 160120, 7597;
40000, 1000000, 25,1400204, 160120, 7553;
40000, 1000000, 25,1400204, 160120, 7146;
40000, 1000000, 25,1400204, 160120, 7661;
40000, 1000000, 25,1400204, 160120, 9527;
40000, 1000000, 50,1400204, 160120, 7242;
40000, 1000000, 50,1400204, 160120, 7367;
40000, 1000000, 50,1400204, 160120, 8051;
40000, 1000000, 50,1400204, 160120, 7074;
40000, 1000000, 50,1400204, 160120, 7074;
40000, 1000000, 50,1400204, 160120, 7071;
40000, 1000000, 50,1400204, 160120, 7109;
40000, 1000000, 50,1400204, 160120, 7164;
40000, 1000000, 50,1400204, 160120, 7373;
40000, 1000000, 50,1400204, 160120, 7159;
40000, 1000000, 75,1400204, 160120, 7403;
40000, 1000000, 75,1400204, 160120, 7311;
40000, 1000000, 75,1400204, 160120, 7220;
40000, 1000000, 75,1400204, 160120, 7488;
40000, 1000000, 75,1400204, 160120, 7544;
40000, 1000000, 75,1400204, 160120, 7246;
40000, 1000000, 75,1400204, 160120, 7069;
40000, 1000000, 75,1400204, 160120, 7073;
40000, 1000000, 75,1400204, 160120, 7077;
40000, 1000000, 75,1400204, 160120, 10009;
40000, 1000000, 100,1400204, 160120, 7536;
40000, 1000000, 100,1400204, 160120, 7087;
40000, 1000000, 100,1400204, 160120, 7543;
40000, 1000000, 100,1400204, 160120, 7569;
40000, 1000000, 100,1400204, 160120, 7591;
40000, 1000000, 100,1400204, 160120, 7543;
40000, 1000000, 100,1400204, 160120, 8634;
40000, 1000000, 100,1400204, 160120, 7382;
40000, 1000000, 100,1400204, 160120, 7096;
40000, 1000000, 100,1400204, 160120, 10615;
40000, 100000000, 0,1800262, 160120, 10345;
40000, 100000000, 0,1800262, 160120, 9078;
40000, 100000000, 0,1800262, 160120, 9236;
40000, 100000000, 0,1800262, 160120, 9148;
40000, 100000000, 0,1800262, 160120, 9163;
40000, 100000000, 0,1800262, 160120, 11032;
40000, 100000000, 0,1800262, 160120, 9677;
40000, 100000000, 0,1800262, 160120, 9704;
40000, 100000000, 0,1800262, 160120, 9889;
40000, 100000000, 0,1800262, 160120, 9097;
40000, 100000000, 25,1800262, 160120, 9198;
40000, 100000000, 25,1800262, 160120, 9947;
40000, 100000000, 25,1800262, 160120, 9068;
40000, 100000000, 25,1800262, 160120, 9136;
40000, 100000000, 25,1800262, 160120, 10010;
40000, 100000000, 25,1800262, 160120, 9403;
40000, 100000000, 25,1800262, 160120, 9081;
40000, 100000000, 25,1800262, 160120, 9569;
40000, 100000000, 25,1800262, 160120, 9532;
40000, 100000000, 25,1800262, 160120, 9790;
40000, 100000000, 50,1800262, 160120, 10707;
40000, 100000000, 50,1800262, 160120, 11843;
40000, 100000000, 50,1800262, 160120, 9957;
40000, 100000000, 50,1800262, 160120, 9100;
40000, 100000000, 50,1800262, 160120, 9195;
40000, 100000000, 50,1800262, 160120, 9929;
40000, 100000000, 50,1800262, 160120, 9102;
40000, 100000000, 50,1800262, 160120, 9098;
40000, 100000000, 50,1800262, 160120, 9491;
40000, 100000000, 50,1800262, 160120, 9357;
40000, 100000000, 75,1800262, 160120, 9377;
40000, 100000000, 75,1800262, 160120, 9272;
40000, 100000000, 75,1800262, 160120, 9674;
40000, 100000000, 75,1800262, 160120, 9115;
40000, 100000000, 75,1800262, 160120, 9177;
40000, 100000000, 75,1800262, 160120, 9747;
40000, 100000000, 75,1800262, 160120, 9126;
40000, 100000000, 75,1800262, 160120, 9786;
40000, 100000000, 75,1800262, 160120, 9612;
40000, 100000000, 75,1800262, 160120, 9086;
40000, 100000000, 100,1800262, 160120, 9224;
40000, 100000000, 100,1800262, 160120, 10181;
40000, 100000000, 100,1800262, 160120, 9469;
40000, 100000000, 100,1800262, 160120, 9513;
40000, 100000000, 100,1800262, 160120, 9840;
40000, 100000000, 100,1800262, 160120, 9681;
40000, 100000000, 100,1800262, 160120, 10036;
40000, 100000000, 100,1800262, 160120, 12544;
40000, 100000000, 100,1800262, 160120, 9799;
40000, 100000000, 100,1800262, 160120, 9843;
50000, 100, 0,750088, 200120, 4077;
50000, 100, 0,750088, 200120, 3777;
50000, 100, 0,750088, 200120, 3777;
50000, 100, 0,750088, 200120, 3777;
50000, 100, 0,750088, 200120, 3778;
50000, 100, 0,750088, 200120, 3827;
50000, 100, 0,750088, 200120, 3777;
50000, 100, 0,750088, 200120, 3871;
50000, 100, 0,750088, 200120, 3871;
50000, 100, 0,750088, 200120, 3775;
50000, 100, 25,750088, 200120, 4001;
50000, 100, 25,750088, 200120, 4550;
50000, 100, 25,750088, 200120, 3830;
50000, 100, 25,750088, 200120, 3975;
50000, 100, 25,750088, 200120, 3893;
50000, 100, 25,750088, 200120, 3869;
50000, 100, 25,750088, 200120, 3869;
50000, 100, 25,750088, 200120, 3810;
50000, 100, 25,750088, 200120, 3925;
50000, 100, 25,750088, 200120, 4158;
50000, 100, 50,750088, 200120, 3782;
50000, 100, 50,750088, 200120, 3801;
50000, 100, 50,750088, 200120, 3796;
50000, 100, 50,750088, 200120, 3892;
50000, 100, 50,750088, 200120, 4041;
50000, 100, 50,750088, 200120, 4036;
50000, 100, 50,750088, 200120, 3781;
50000, 100, 50,750088, 200120, 3785;
50000, 100, 50,750088, 200120, 3784;
50000, 100, 50,750088, 200120, 5795;
50000, 100, 75,750088, 200120, 5571;
50000, 100, 75,750088, 200120, 3929;
50000, 100, 75,750088, 200120, 3966;
50000, 100, 75,750088, 200120, 3901;
50000, 100, 75,750088, 200120, 3809;
50000, 100, 75,750088, 200120, 3886;
50000, 100, 75,750088, 200120, 3779;
50000, 100, 75,750088, 200120, 3781;
50000, 100, 75,750088, 200120, 4413;
50000, 100, 75,750088, 200120, 4030;
50000, 100, 100,750088, 200120, 3776;
50000, 100, 100,750088, 200120, 3776;
50000, 100, 100,750088, 200120, 3780;
50000, 100, 100,750088, 200120, 3775;
50000, 100, 100,750088, 200120, 3777;
50000, 100, 100,750088, 200120, 3778;
50000, 100, 100,750088, 200120, 3777;
50000, 100, 100,750088, 200120, 3781;
50000, 100, 100,750088, 200120, 3807;
50000, 100, 100,750088, 200120, 3780;
50000, 10000, 0,1250146, 200120, 6371;
50000, 10000, 0,1250146, 200120, 6355;
50000, 10000, 0,1250146, 200120, 6428;
50000, 10000, 0,1250146, 200120, 6408;
50000, 10000, 0,1250146, 200120, 6819;
50000, 10000, 0,1250146, 200120, 6979;
50000, 10000, 0,1250146, 200120, 6608;
50000, 10000, 0,1250146, 200120, 6886;
50000, 10000, 0,1250146, 200120, 8739;
50000, 10000, 0,1250146, 200120, 6766;
50000, 10000, 25,1250146, 200120, 6422;
50000, 10000, 25,1250146, 200120, 6385;
50000, 10000, 25,1250146, 200120, 6345;
50000, 10000, 25,1250146, 200120, 6329;
50000, 10000, 25,1250146, 200120, 6452;
50000, 10000, 25,1250146, 200120, 6352;
50000, 10000, 25,1250146, 200120, 6384;
50000, 10000, 25,1250146, 200120, 6436;
50000, 10000, 25,1250146, 200120, 6402;
50000, 10000, 25,1250146, 200120, 6327;
50000, 10000, 50,1250146, 200120, 6700;
50000, 10000, 50,1250146, 200120, 6941;
50000, 10000, 50,1250146, 200120, 6384;
50000, 10000, 50,1250146, 200120, 6563;
50000, 10000, 50,1250146, 200120, 6747;
50000, 10000, 50,1250146, 200120, 6327;
50000, 10000, 50,1250146, 200120, 6443;
50000, 10000, 50,1250146, 200120, 6731;
50000, 10000, 50,1250146, 200120, 6678;
50000, 10000, 50,1250146, 200120, 6467;
50000, 10000, 75,1250146, 200120, 6749;
50000, 10000, 75,1250146, 200120, 6833;
50000, 10000, 75,1250146, 200120, 6757;
50000, 10000, 75,1250146, 200120, 6768;
50000, 10000, 75,1250146, 200120, 6750;
50000, 10000, 75,1250146, 200120, 6753;
50000, 10000, 75,1250146, 200120, 6446;
50000, 10000, 75,1250146, 200120, 6334;
50000, 10000, 75,1250146, 200120, 6380;
50000, 10000, 75,1250146, 200120, 6358;
50000, 10000, 100,1250146, 200120, 9899;
50000, 10000, 100,1250146, 200120, 6335;
50000, 10000, 100,1250146, 200120, 6635;
50000, 10000, 100,1250146, 200120, 6548;
50000, 10000, 100,1250146, 200120, 6524;
50000, 10000, 100,1250146, 200120, 6325;
50000, 10000, 100,1250146, 200120, 6742;
50000, 10000, 100,1250146, 200120, 6935;
50000, 10000, 100,1250146, 200120, 6342;
50000, 10000, 100,1250146, 200120, 6328;
50000, 1000000, 0,1750204, 200120, 11425;
50000, 1000000, 0,1750204, 200120, 9066;
50000, 1000000, 0,1750204, 200120, 9032;
50000, 1000000, 0,1750204, 200120, 8916;
50000, 1000000, 0,1750204, 200120, 9346;
50000, 1000000, 0,1750204, 200120, 9436;
50000, 1000000, 0,1750204, 200120, 9527;
50000, 1000000, 0,1750204, 200120, 8873;
50000, 1000000, 0,1750204, 200120, 8980;
50000, 1000000, 0,1750204, 200120, 9437;
50000, 1000000, 25,1750204, 200120, 8983;
50000, 1000000, 25,1750204, 200120, 9398;
50000, 1000000, 25,1750204, 200120, 9436;
50000, 1000000, 25,1750204, 200120, 9235;
50000, 1000000, 25,1750204, 200120, 10875;
50000, 1000000, 25,1750204, 200120, 9516;
50000, 1000000, 25,1750204, 200120, 8845;
50000, 1000000, 25,1750204, 200120, 9705;
50000, 1000000, 25,1750204, 200120, 8851;
50000, 1000000, 25,1750204, 200120, 8858;
50000, 1000000, 50,1750204, 200120, 9598;
50000, 1000000, 50,1750204, 200120, 8962;
50000, 1000000, 50,1750204, 200120, 9541;
50000, 1000000, 50,1750204, 200120, 8920;
50000, 1000000, 50,1750204, 200120, 9025;
50000, 1000000, 50,1750204, 200120, 9470;
50000, 1000000, 50,1750204, 200120, 9374;
50000, 1000000, 50,1750204, 200120, 9676;
50000, 1000000, 50,1750204, 200120, 12089;
50000, 1000000, 50,1750204, 200120, 10553;
50000, 1000000, 75,1750204, 200120, 9455;
50000, 1000000, 75,1750204, 200120, 9052;
50000, 1000000, 75,1750204, 200120, 8882;
50000, 1000000, 75,1750204, 200120, 8910;
50000, 1000000, 75,1750204, 200120, 9036;
50000, 1000000, 75,1750204, 200120, 8887;
50000, 1000000, 75,1750204, 200120, 9002;
50000, 1000000, 75,1750204, 200120, 9912;
50000, 1000000, 75,1750204, 200120, 9525;
50000, 1000000, 75,1750204, 200120, 9428;
50000, 1000000, 100,1750204, 200120, 9242;
50000, 1000000, 100,1750204, 200120, 8980;
50000, 1000000, 100,1750204, 200120, 9080;
50000, 1000000, 100,1750204, 200120, 8878;
50000, 1000000, 100,1750204, 200120, 9514;
50000, 1000000, 100,1750204, 200120, 9366;
50000, 1000000, 100,1750204, 200120, 9433;
50000, 1000000, 100,1750204, 200120, 9600;
50000, 1000000, 100,1750204, 200120, 9452;
50000, 1000000, 100,1750204, 200120, 9749;
50000, 100000000, 0,2250262, 200120, 12158;
50000, 100000000, 0,2250262, 200120, 12155;
50000, 100000000, 0,2250262, 200120, 14400;
50000, 100000000, 0,2250262, 200120, 11817;
50000, 100000000, 0,2250262, 200120, 11455;
50000, 100000000, 0,2250262, 200120, 11389;
50000, 100000000, 0,2250262, 200120, 11430;
50000, 100000000, 0,2250262, 200120, 11406;
50000, 100000000, 0,2250262, 200120, 11382;
50000, 100000000, 0,2250262, 200120, 12780;
50000, 100000000, 25,2250262, 200120, 11916;
50000, 100000000, 25,2250262, 200120, 11605;
50000, 100000000, 25,2250262, 200120, 11353;
50000, 100000000, 25,2250262, 200120, 11734;
50000, 100000000, 25,2250262, 200120, 11417;
50000, 100000000, 25,2250262, 200120, 11679;
50000, 100000000, 25,2250262, 200120, 11488;
50000, 100000000, 25,2250262, 200120, 11374;
50000, 100000000, 25,2250262, 200120, 13295;
50000, 100000000, 25,2250262, 200120, 12380;
50000, 100000000, 50,2250262, 200120, 12444;
50000, 100000000, 50,2250262, 200120, 11363;
50000, 100000000, 50,2250262, 200120, 11931;
50000, 100000000, 50,2250262, 200120, 11747;
50000, 100000000, 50,2250262, 200120, 11351;
50000, 100000000, 50,2250262, 200120, 14153;
50000, 100000000, 50,2250262, 200120, 11582;
50000, 100000000, 50,2250262, 200120, 11751;
50000, 100000000, 50,2250262, 200120, 11367;
50000, 100000000, 50,2250262, 200120, 11964;
50000, 100000000, 75,2250262, 200120, 11472;
50000, 100000000, 75,2250262, 200120, 11344;
50000, 100000000, 75,2250262, 200120, 11498;
50000, 100000000, 75,2250262, 200120, 11555;
50000, 100000000, 75,2250262, 200120, 12092;
50000, 100000000, 75,2250262, 200120, 15322;
50000, 100000000, 75,2250262, 200120, 11453;
50000, 100000000, 75,2250262, 200120, 12501;
50000, 100000000, 75,2250262, 200120, 12482;
50000, 100000000, 75,2250262, 200120, 13610;
50000, 100000000, 100,2250262, 200120, 15354;
50000, 100000000, 100,2250262, 200120, 12188;
50000, 100000000, 100,2250262, 200120, 12113;
50000, 100000000, 100,2250262, 200120, 11338;
50000, 100000000, 100,2250262, 200120, 12116;
50000, 100000000, 100,2250262, 200120, 12104;
50000, 100000000, 100,2250262, 200120, 12250;
50000, 100000000, 100,2250262, 200120, 11443;
50000, 100000000, 100,2250262, 200120, 11372;
50000, 100000000, 100,2250262, 200120, 12147;
60000, 100, 0,900088, 240120, 4872;
60000, 100, 0,900088, 240120, 4604;
60000, 100, 0,900088, 240120, 4533;
60000, 100, 0,900088, 240120, 4536;
60000, 100, 0,900088, 240120, 4876;
60000, 100, 0,900088, 240120, 5095;
60000, 100, 0,900088, 240120, 4542;
60000, 100, 0,900088, 240120, 4531;
60000, 100, 0,900088, 240120, 4842;
60000, 100, 0,900088, 240120, 4640;
60000, 100, 25,900088, 240120, 4834;
60000, 100, 25,900088, 240120, 4842;
60000, 100, 25,900088, 240120, 4841;
60000, 100, 25,900088, 240120, 7422;
60000, 100, 25,900088, 240120, 4743;
60000, 100, 25,900088, 240120, 5492;
60000, 100, 25,900088, 240120, 4865;
60000, 100, 25,900088, 240120, 4835;
60000, 100, 25,900088, 240120, 4865;
60000, 100, 25,900088, 240120, 4837;
60000, 100, 50,900088, 240120, 4531;
60000, 100, 50,900088, 240120, 4843;
60000, 100, 50,900088, 240120, 4541;
60000, 100, 50,900088, 240120, 4543;
60000, 100, 50,900088, 240120, 4538;
60000, 100, 50,900088, 240120, 4928;
60000, 100, 50,900088, 240120, 4534;
60000, 100, 50,900088, 240120, 4533;
60000, 100, 50,900088, 240120, 5427;
60000, 100, 50,900088, 240120, 4811;
60000, 100, 75,900088, 240120, 4534;
60000, 100, 75,900088, 240120, 4837;
60000, 100, 75,900088, 240120, 4535;
60000, 100, 75,900088, 240120, 4601;
60000, 100, 75,900088, 240120, 4602;
60000, 100, 75,900088, 240120, 4890;
60000, 100, 75,900088, 240120, 4536;
60000, 100, 75,900088, 240120, 4537;
60000, 100, 75,900088, 240120, 4839;
60000, 100, 75,900088, 240120, 4874;
60000, 100, 100,900088, 240120, 4861;
60000, 100, 100,900088, 240120, 5760;
60000, 100, 100,900088, 240120, 7502;
60000, 100, 100,900088, 240120, 4842;
60000, 100, 100,900088, 240120, 4827;
60000, 100, 100,900088, 240120, 4658;
60000, 100, 100,900088, 240120, 4534;
60000, 100, 100,900088, 240120, 5854;
60000, 100, 100,900088, 240120, 4589;
60000, 100, 100,900088, 240120, 4535;
60000, 10000, 0,1500146, 240120, 8110;
60000, 10000, 0,1500146, 240120, 7707;
60000, 10000, 0,1500146, 240120, 7588;
60000, 10000, 0,1500146, 240120, 7768;
60000, 10000, 0,1500146, 240120, 7709;
60000, 10000, 0,1500146, 240120, 7594;
60000, 10000, 0,1500146, 240120, 8247;
60000, 10000, 0,1500146, 240120, 7652;
60000, 10000, 0,1500146, 240120, 8122;
60000, 10000, 0,1500146, 240120, 7735;
60000, 10000, 25,1500146, 240120, 8169;
60000, 10000, 25,1500146, 240120, 8205;
60000, 10000, 25,1500146, 240120, 8161;
60000, 10000, 25,1500146, 240120, 8314;
60000, 10000, 25,1500146, 240120, 7875;
60000, 10000, 25,1500146, 240120, 8095;
60000, 10000, 25,1500146, 240120, 7673;
60000, 10000, 25,1500146, 240120, 7661;
60000, 10000, 25,1500146, 240120, 11152;
60000, 10000, 25,1500146, 240120, 8817;
60000, 10000, 50,1500146, 240120, 7846;
60000, 10000, 50,1500146, 240120, 7647;
60000, 10000, 50,1500146, 240120, 7785;
60000, 10000, 50,1500146, 240120, 7594;
60000, 10000, 50,1500146, 240120, 8062;
60000, 10000, 50,1500146, 240120, 7591;
60000, 10000, 50,1500146, 240120, 8148;
60000, 10000, 50,1500146, 240120, 7589;
60000, 10000, 50,1500146, 240120, 7954;
60000, 10000, 50,1500146, 240120, 7628;
60000, 10000, 75,1500146, 240120, 7690;
60000, 10000, 75,1500146, 240120, 8096;
60000, 10000, 75,1500146, 240120, 8618;
60000, 10000, 75,1500146, 240120, 8177;
60000, 10000, 75,1500146, 240120, 8101;
60000, 10000, 75,1500146, 240120, 10593;
60000, 10000, 75,1500146, 240120, 8155;
60000, 10000, 75,1500146, 240120, 7630;
60000, 10000, 75,1500146, 240120, 8057;
60000, 10000, 75,1500146, 240120, 7650;
60000, 10000, 100,1500146, 240120, 7911;
60000, 10000, 100,1500146, 240120, 8242;
60000, 10000, 100,1500146, 240120, 7811;
60000, 10000, 100,1500146, 240120, 7592;
60000, 10000, 100,1500146, 240120, 8383;
60000, 10000, 100,1500146, 240120, 7804;
60000, 10000, 100,1500146, 240120, 7744;
60000, 10000, 100,1500146, 240120, 7597;
60000, 10000, 100,1500146, 240120, 7891;
60000, 10000, 100,1500146, 240120, 7616;
60000, 1000000, 0,2100204, 240120, 11343;
60000, 1000000, 0,2100204, 240120, 10634;
60000, 1000000, 0,2100204, 240120, 11427;
60000, 1000000, 0,2100204, 240120, 11008;
60000, 1000000, 0,2100204, 240120, 13970;
60000, 1000000, 0,2100204, 240120, 10611;
60000, 1000000, 0,2100204, 240120, 18373;
60000, 1000000, 0,2100204, 240120, 11325;
60000, 1000000, 0,2100204, 240120, 11353;
60000, 1000000, 0,2100204, 240120, 10779;
60000, 1000000, 25,2100204, 240120, 10666;
60000, 1000000, 25,2100204, 240120, 10656;
60000, 1000000, 25,2100204, 240120, 11036;
60000, 1000000, 25,2100204, 240120, 10829;
60000, 1000000, 25,2100204, 240120, 10624;
60000, 1000000, 25,2100204, 240120, 11544;
60000, 1000000, 25,2100204, 240120, 10741;
60000, 1000000, 25,2100204, 240120, 11307;
60000, 1000000, 25,2100204, 240120, 11370;
60000, 1000000, 25,2100204, 240120, 10994;
60000, 1000000, 50,2100204, 240120, 11429;
60000, 1000000, 50,2100204, 240120, 10691;
60000, 1000000, 50,2100204, 240120, 10617;
60000, 1000000, 50,2100204, 240120, 11426;
60000, 1000000, 50,2100204, 240120, 11467;
60000, 1000000, 50,2100204, 240120, 14402;
60000, 1000000, 50,2100204, 240120, 10749;
60000, 1000000, 50,2100204, 240120, 10817;
60000, 1000000, 50,2100204, 240120, 10605;
60000, 1000000, 50,2100204, 240120, 10727;
60000, 1000000, 75,2100204, 240120, 10653;
60000, 1000000, 75,2100204, 240120, 10749;
60000, 1000000, 75,2100204, 240120, 11317;
60000, 1000000, 75,2100204, 240120, 10703;
60000, 1000000, 75,2100204, 240120, 11042;
60000, 1000000, 75,2100204, 240120, 10795;
60000, 1000000, 75,2100204, 240120, 11314;
60000, 1000000, 75,2100204, 240120, 10684;
60000, 1000000, 75,2100204, 240120, 10635;
60000, 1000000, 75,2100204, 240120, 11351;
60000, 1000000, 100,2100204, 240120, 10977;
60000, 1000000, 100,2100204, 240120, 11328;
60000, 1000000, 100,2100204, 240120, 11531;
60000, 1000000, 100,2100204, 240120, 14767;
60000, 1000000, 100,2100204, 240120, 10986;
60000, 1000000, 100,2100204, 240120, 12558;
60000, 1000000, 100,2100204, 240120, 10718;
60000, 1000000, 100,2100204, 240120, 10639;
60000, 1000000, 100,2100204, 240120, 10666;
60000, 1000000, 100,2100204, 240120, 11140;
60000, 100000000, 0,2700262, 240120, 13773;
60000, 100000000, 0,2700262, 240120, 14103;
60000, 100000000, 0,2700262, 240120, 13750;
60000, 100000000, 0,2700262, 240120, 13696;
60000, 100000000, 0,2700262, 240120, 14650;
60000, 100000000, 0,2700262, 240120, 13711;
60000, 100000000, 0,2700262, 240120, 14560;
60000, 100000000, 0,2700262, 240120, 14721;
60000, 100000000, 0,2700262, 240120, 13696;
60000, 100000000, 0,2700262, 240120, 14913;
60000, 100000000, 25,2700262, 240120, 14537;
60000, 100000000, 25,2700262, 240120, 18004;
60000, 100000000, 25,2700262, 240120, 13711;
60000, 100000000, 25,2700262, 240120, 13697;
60000, 100000000, 25,2700262, 240120, 17758;
60000, 100000000, 25,2700262, 240120, 13954;
60000, 100000000, 25,2700262, 240120, 14559;
60000, 100000000, 25,2700262, 240120, 14495;
60000, 100000000, 25,2700262, 240120, 13773;
60000, 100000000, 25,2700262, 240120, 14778;
60000, 100000000, 50,2700262, 240120, 14049;
60000, 100000000, 50,2700262, 240120, 16301;
60000, 100000000, 50,2700262, 240120, 14651;
60000, 100000000, 50,2700262, 240120, 14589;
60000, 100000000, 50,2700262, 240120, 13882;
60000, 100000000, 50,2700262, 240120, 14602;
60000, 100000000, 50,2700262, 240120, 14799;
60000, 100000000, 50,2700262, 240120, 14514;
60000, 100000000, 50,2700262, 240120, 19970;
60000, 100000000, 50,2700262, 240120, 14100;
60000, 100000000, 75,2700262, 240120, 14685;
60000, 100000000, 75,2700262, 240120, 14089;
60000, 100000000, 75,2700262, 240120, 13856;
60000, 100000000, 75,2700262, 240120, 14070;
60000, 100000000, 75,2700262, 240120, 14200;
60000, 100000000, 75,2700262, 240120, 13657;
60000, 100000000, 75,2700262, 240120, 14436;
60000, 100000000, 75,2700262, 240120, 13791;
60000, 100000000, 75,2700262, 240120, 13681;
60000, 100000000, 75,2700262, 240120, 13633;
60000, 100000000, 100,2700262, 240120, 13791;
60000, 100000000, 100,2700262, 240120, 16515;
60000, 100000000, 100,2700262, 240120, 13707;
60000, 100000000, 100,2700262, 240120, 14620;
60000, 100000000, 100,2700262, 240120, 15078;
60000, 100000000, 100,2700262, 240120, 15287;
60000, 100000000, 100,2700262, 240120, 13821;
60000, 100000000, 100,2700262, 240120, 14008;
60000, 100000000, 100,2700262, 240120, 13688;
60000, 100000000, 100,2700262, 240120, 13738;
70000, 100, 0,1050088, 280120, 5539;
70000, 100, 0,1050088, 280120, 5838;
70000, 100, 0,1050088, 280120, 5642;
70000, 100, 0,1050088, 280120, 5643;
70000, 100, 0,1050088, 280120, 5477;
70000, 100, 0,1050088, 280120, 5316;
70000, 100, 0,1050088, 280120, 5287;
70000, 100, 0,1050088, 280120, 5714;
70000, 100, 0,1050088, 280120, 5287;
70000, 100, 0,1050088, 280120, 5689;
70000, 100, 25,1050088, 280120, 5316;
70000, 100, 25,1050088, 280120, 5436;
70000, 100, 25,1050088, 280120, 5342;
70000, 100, 25,1050088, 280120, 5646;
70000, 100, 25,1050088, 280120, 5643;
70000, 100, 25,1050088, 280120, 6185;
70000, 100, 25,1050088, 280120, 5650;
70000, 100, 25,1050088, 280120, 5295;
70000, 100, 25,1050088, 280120, 5321;
70000, 100, 25,1050088, 280120, 5346;
70000, 100, 50,1050088, 280120, 5294;
70000, 100, 50,1050088, 280120, 5417;
70000, 100, 50,1050088, 280120, 5305;
70000, 100, 50,1050088, 280120, 5483;
70000, 100, 50,1050088, 280120, 5295;
70000, 100, 50,1050088, 280120, 5293;
70000, 100, 50,1050088, 280120, 5667;
70000, 100, 50,1050088, 280120, 5646;
70000, 100, 50,1050088, 280120, 7857;
70000, 100, 50,1050088, 280120, 5330;
70000, 100, 75,1050088, 280120, 5352;
70000, 100, 75,1050088, 280120, 5331;
70000, 100, 75,1050088, 280120, 5344;
70000, 100, 75,1050088, 280120, 5638;
70000, 100, 75,1050088, 280120, 5571;
70000, 100, 75,1050088, 280120, 5318;
70000, 100, 75,1050088, 280120, 5717;
70000, 100, 75,1050088, 280120, 6340;
70000, 100, 75,1050088, 280120, 7405;
70000, 100, 75,1050088, 280120, 5654;
70000, 100, 100,1050088, 280120, 5643;
70000, 100, 100,1050088, 280120, 5322;
70000, 100, 100,1050088, 280120, 5644;
70000, 100, 100,1050088, 280120, 5287;
70000, 100, 100,1050088, 280120, 5389;
70000, 100, 100,1050088, 280120, 5639;
70000, 100, 100,1050088, 280120, 5468;
70000, 100, 100,1050088, 280120, 5318;
70000, 100, 100,1050088, 280120, 5533;
70000, 100, 100,1050088, 280120, 5652;
70000, 10000, 0,1750146, 280120, 9025;
70000, 10000, 0,1750146, 280120, 8990;
70000, 10000, 0,1750146, 280120, 9319;
70000, 10000, 0,1750146, 280120, 9654;
70000, 10000, 0,1750146, 280120, 9443;
70000, 10000, 0,1750146, 280120, 9677;
70000, 10000, 0,1750146, 280120, 9004;
70000, 10000, 0,1750146, 280120, 9467;
70000, 10000, 0,1750146, 280120, 8998;
70000, 10000, 0,1750146, 280120, 9444;
70000, 10000, 25,1750146, 280120, 9452;
70000, 10000, 25,1750146, 280120, 8871;
70000, 10000, 25,1750146, 280120, 9454;
70000, 10000, 25,1750146, 280120, 8924;
70000, 10000, 25,1750146, 280120, 9262;
70000, 10000, 25,1750146, 280120, 9131;
70000, 10000, 25,1750146, 280120, 9579;
70000, 10000, 25,1750146, 280120, 8860;
70000, 10000, 25,1750146, 280120, 8862;
70000, 10000, 25,1750146, 280120, 9023;
70000, 10000, 50,1750146, 280120, 9039;
70000, 10000, 50,1750146, 280120, 9162;
70000, 10000, 50,1750146, 280120, 8911;
70000, 10000, 50,1750146, 280120, 8853;
70000, 10000, 50,1750146, 280120, 9980;
70000, 10000, 50,1750146, 280120, 10443;
70000, 10000, 50,1750146, 280120, 9531;
70000, 10000, 50,1750146, 280120, 8854;
70000, 10000, 50,1750146, 280120, 10426;
70000, 10000, 50,1750146, 280120, 8910;
70000, 10000, 75,1750146, 280120, 9465;
70000, 10000, 75,1750146, 280120, 8855;
70000, 10000, 75,1750146, 280120, 8978;
70000, 10000, 75,1750146, 280120, 8997;
70000, 10000, 75,1750146, 280120, 8858;
70000, 10000, 75,1750146, 280120, 12374;
70000, 10000, 75,1750146, 280120, 9610;
70000, 10000, 75,1750146, 280120, 9175;
70000, 10000, 75,1750146, 280120, 9291;
70000, 10000, 75,1750146, 280120, 9445;
70000, 10000, 100,1750146, 280120, 8857;
70000, 10000, 100,1750146, 280120, 8937;
70000, 10000, 100,1750146, 280120, 9176;
70000, 10000, 100,1750146, 280120, 9414;
70000, 10000, 100,1750146, 280120, 9113;
70000, 10000, 100,1750146, 280120, 10460;
70000, 10000, 100,1750146, 280120, 11001;
70000, 10000, 100,1750146, 280120, 9459;
70000, 10000, 100,1750146, 280120, 9441;
70000, 10000, 100,1750146, 280120, 8888;
70000, 1000000, 0,2450204, 280120, 13490;
70000, 1000000, 0,2450204, 280120, 12599;
70000, 1000000, 0,2450204, 280120, 12505;
70000, 1000000, 0,2450204, 280120, 12411;
70000, 1000000, 0,2450204, 280120, 12379;
70000, 1000000, 0,2450204, 280120, 13301;
70000, 1000000, 0,2450204, 280120, 13371;
70000, 1000000, 0,2450204, 280120, 12666;
70000, 1000000, 0,2450204, 280120, 13059;
70000, 1000000, 0,2450204, 280120, 12489;
70000, 1000000, 25,2450204, 280120, 12440;
70000, 1000000, 25,2450204, 280120, 13986;
70000, 1000000, 25,2450204, 280120, 15209;
70000, 1000000, 25,2450204, 280120, 13121;
70000, 1000000, 25,2450204, 280120, 14503;
70000, 1000000, 25,2450204, 280120, 12915;
70000, 1000000, 25,2450204, 280120, 14484;
70000, 1000000, 25,2450204, 280120, 13140;
70000, 1000000, 25,2450204, 280120, 13304;
70000, 1000000, 25,2450204, 280120, 12544;
70000, 1000000, 50,2450204, 280120, 12512;
70000, 1000000, 50,2450204, 280120, 12551;
70000, 1000000, 50,2450204, 280120, 12477;
70000, 1000000, 50,2450204, 280120, 12888;
70000, 1000000, 50,2450204, 280120, 13505;
70000, 1000000, 50,2450204, 280120, 12458;
70000, 1000000, 50,2450204, 280120, 13708;
70000, 1000000, 50,2450204, 280120, 13134;
70000, 1000000, 50,2450204, 280120, 13305;
70000, 1000000, 50,2450204, 280120, 12773;
70000, 1000000, 75,2450204, 280120, 12413;
70000, 1000000, 75,2450204, 280120, 12384;
70000, 1000000, 75,2450204, 280120, 15950;
70000, 1000000, 75,2450204, 280120, 12824;
70000, 1000000, 75,2450204, 280120, 12485;
70000, 1000000, 75,2450204, 280120, 12581;
70000, 1000000, 75,2450204, 280120, 12694;
70000, 1000000, 75,2450204, 280120, 12512;
70000, 1000000, 75,2450204, 280120, 12522;
70000, 1000000, 75,2450204, 280120, 13912;
70000, 1000000, 100,2450204, 280120, 12617;
70000, 1000000, 100,2450204, 280120, 13332;
70000, 1000000, 100,2450204, 280120, 12606;
70000, 1000000, 100,2450204, 280120, 13260;
70000, 1000000, 100,2450204, 280120, 13485;
70000, 1000000, 100,2450204, 280120, 16436;
70000, 1000000, 100,2450204, 280120, 13194;
70000, 1000000, 100,2450204, 280120, 12458;
70000, 1000000, 100,2450204, 280120, 12427;
70000, 1000000, 100,2450204, 280120, 12534;
70000, 100000000, 0,3150262, 280120, 16368;
70000, 100000000, 0,3150262, 280120, 16035;
70000, 100000000, 0,3150262, 280120, 16355;
70000, 100000000, 0,3150262, 280120, 16362;
70000, 100000000, 0,3150262, 280120, 17585;
70000, 100000000, 0,3150262, 280120, 16386;
70000, 100000000, 0,3150262, 280120, 16963;
70000, 100000000, 0,3150262, 280120, 16483;
70000, 100000000, 0,3150262, 280120, 16830;
70000, 100000000, 0,3150262, 280120, 16989;
70000, 100000000, 25,3150262, 280120, 20492;
70000, 100000000, 25,3150262, 280120, 16117;
70000, 100000000, 25,3150262, 280120, 16081;
70000, 100000000, 25,3150262, 280120, 16091;
70000, 100000000, 25,3150262, 280120, 16114;
70000, 100000000, 25,3150262, 280120, 16421;
70000, 100000000, 25,3150262, 280120, 16016;
70000, 100000000, 25,3150262, 280120, 16003;
70000, 100000000, 25,3150262, 280120, 16650;
70000, 100000000, 25,3150262, 280120, 15956;
70000, 100000000, 50,3150262, 280120, 16106;
70000, 100000000, 50,3150262, 280120, 17049;
70000, 100000000, 50,3150262, 280120, 20051;
70000, 100000000, 50,3150262, 280120, 16044;
70000, 100000000, 50,3150262, 280120, 17357;
70000, 100000000, 50,3150262, 280120, 16372;
70000, 100000000, 50,3150262, 280120, 16044;
70000, 100000000, 50,3150262, 280120, 16775;
70000, 100000000, 50,3150262, 280120, 15986;
70000, 100000000, 50,3150262, 280120, 19026;
70000, 100000000, 75,3150262, 280120, 16094;
70000, 100000000, 75,3150262, 280120, 16996;
70000, 100000000, 75,3150262, 280120, 16707;
70000, 100000000, 75,3150262, 280120, 16016;
70000, 100000000, 75,3150262, 280120, 15967;
70000, 100000000, 75,3150262, 280120, 17146;
70000, 100000000, 75,3150262, 280120, 16116;
70000, 100000000, 75,3150262, 280120, 16633;
70000, 100000000, 75,3150262, 280120, 15967;
70000, 100000000, 75,3150262, 280120, 23032;
70000, 100000000, 100,3150262, 280120, 17436;
70000, 100000000, 100,3150262, 280120, 16412;
70000, 100000000, 100,3150262, 280120, 16147;
70000, 100000000, 100,3150262, 280120, 17010;
70000, 100000000, 100,3150262, 280120, 15982;
70000, 100000000, 100,3150262, 280120, 16970;
70000, 100000000, 100,3150262, 280120, 17201;
70000, 100000000, 100,3150262, 280120, 17071;
70000, 100000000, 100,3150262, 280120, 16375;
70000, 100000000, 100,3150262, 280120, 16129;
80000, 100, 0,1200088, 320120, 6173;
80000, 100, 0,1200088, 320120, 6292;
80000, 100, 0,1200088, 320120, 6451;
80000, 100, 0,1200088, 320120, 6689;
80000, 100, 0,1200088, 320120, 6483;
80000, 100, 0,1200088, 320120, 7804;
80000, 100, 0,1200088, 320120, 6694;
80000, 100, 0,1200088, 320120, 6708;
80000, 100, 0,1200088, 320120, 6042;
80000, 100, 0,1200088, 320120, 6448;
80000, 100, 25,1200088, 320120, 6160;
80000, 100, 25,1200088, 320120, 6047;
80000, 100, 25,1200088, 320120, 6053;
80000, 100, 25,1200088, 320120, 6167;
80000, 100, 25,1200088, 320120, 6369;
80000, 100, 25,1200088, 320120, 6053;
80000, 100, 25,1200088, 320120, 6165;
80000, 100, 25,1200088, 320120, 6454;
80000, 100, 25,1200088, 320120, 6459;
80000, 100, 25,1200088, 320120, 6060;
80000, 100, 50,1200088, 320120, 6391;
80000, 100, 50,1200088, 320120, 6105;
80000, 100, 50,1200088, 320120, 6151;
80000, 100, 50,1200088, 320120, 6537;
80000, 100, 50,1200088, 320120, 6450;
80000, 100, 50,1200088, 320120, 8907;
80000, 100, 50,1200088, 320120, 6454;
80000, 100, 50,1200088, 320120, 6333;
80000, 100, 50,1200088, 320120, 6048;
80000, 100, 50,1200088, 320120, 6109;
80000, 100, 75,1200088, 320120, 6081;
80000, 100, 75,1200088, 320120, 6149;
80000, 100, 75,1200088, 320120, 6451;
80000, 100, 75,1200088, 320120, 6130;
80000, 100, 75,1200088, 320120, 6138;
80000, 100, 75,1200088, 320120, 6089;
80000, 100, 75,1200088, 320120, 6145;
80000, 100, 75,1200088, 320120, 6502;
80000, 100, 75,1200088, 320120, 6793;
80000, 100, 75,1200088, 320120, 6354;
80000, 100, 100,1200088, 320120, 6209;
80000, 100, 100,1200088, 320120, 6049;
80000, 100, 100,1200088, 320120, 6445;
80000, 100, 100,1200088, 320120, 8090;
80000, 100, 100,1200088, 320120, 6499;
80000, 100, 100,1200088, 320120, 6540;
80000, 100, 100,1200088, 320120, 6194;
80000, 100, 100,1200088, 320120, 6601;
80000, 100, 100,1200088, 320120, 6105;
80000, 100, 100,1200088, 320120, 7311;
80000, 10000, 0,2000146, 320120, 10903;
80000, 10000, 0,2000146, 320120, 10620;
80000, 10000, 0,2000146, 320120, 11167;
80000, 10000, 0,2000146, 320120, 10874;
80000, 10000, 0,2000146, 320120, 10297;
80000, 10000, 0,2000146, 320120, 10163;
80000, 10000, 0,2000146, 320120, 10237;
80000, 10000, 0,2000146, 320120, 10253;
80000, 10000, 0,2000146, 320120, 10958;
80000, 10000, 0,2000146, 320120, 10382;
80000, 10000, 25,2000146, 320120, 11557;
80000, 10000, 25,2000146, 320120, 12390;
80000, 10000, 25,2000146, 320120, 14149;
80000, 10000, 25,2000146, 320120, 10791;
80000, 10000, 25,2000146, 320120, 10146;
80000, 10000, 25,2000146, 320120, 10146;
80000, 10000, 25,2000146, 320120, 10126;
80000, 10000, 25,2000146, 320120, 10149;
80000, 10000, 25,2000146, 320120, 10284;
80000, 10000, 25,2000146, 320120, 10690;
80000, 10000, 50,2000146, 320120, 10868;
80000, 10000, 50,2000146, 320120, 10629;
80000, 10000, 50,2000146, 320120, 10538;
80000, 10000, 50,2000146, 320120, 10675;
80000, 10000, 50,2000146, 320120, 10327;
80000, 10000, 50,2000146, 320120, 10881;
80000, 10000, 50,2000146, 320120, 10939;
80000, 10000, 50,2000146, 320120, 11546;
80000, 10000, 50,2000146, 320120, 13920;
80000, 10000, 50,2000146, 320120, 10854;
80000, 10000, 75,2000146, 320120, 10690;
80000, 10000, 75,2000146, 320120, 10219;
80000, 10000, 75,2000146, 320120, 10717;
80000, 10000, 75,2000146, 320120, 10294;
80000, 10000, 75,2000146, 320120, 10257;
80000, 10000, 75,2000146, 320120, 10294;
80000, 10000, 75,2000146, 320120, 10614;
80000, 10000, 75,2000146, 320120, 10170;
80000, 10000, 75,2000146, 320120, 10209;
80000, 10000, 75,2000146, 320120, 10814;
80000, 10000, 100,2000146, 320120, 10467;
80000, 10000, 100,2000146, 320120, 10150;
80000, 10000, 100,2000146, 320120, 11115;
80000, 10000, 100,2000146, 320120, 13123;
80000, 10000, 100,2000146, 320120, 10409;
80000, 10000, 100,2000146, 320120, 10471;
80000, 10000, 100,2000146, 320120, 10211;
80000, 10000, 100,2000146, 320120, 10672;
80000, 10000, 100,2000146, 320120, 10210;
80000, 10000, 100,2000146, 320120, 10524;
80000, 1000000, 0,2800204, 320120, 14551;
80000, 1000000, 0,2800204, 320120, 14271;
80000, 1000000, 0,2800204, 320120, 14252;
80000, 1000000, 0,2800204, 320120, 14322;
80000, 1000000, 0,2800204, 320120, 15131;
80000, 1000000, 0,2800204, 320120, 14638;
80000, 1000000, 0,2800204, 320120, 14388;
80000, 1000000, 0,2800204, 320120, 17787;
80000, 1000000, 0,2800204, 320120, 15491;
80000, 1000000, 0,2800204, 320120, 15210;
80000, 1000000, 25,2800204, 320120, 14273;
80000, 1000000, 25,2800204, 320120, 14221;
80000, 1000000, 25,2800204, 320120, 14376;
80000, 1000000, 25,2800204, 320120, 14531;
80000, 1000000, 25,2800204, 320120, 14201;
80000, 1000000, 25,2800204, 320120, 14346;
80000, 1000000, 25,2800204, 320120, 15218;
80000, 1000000, 25,2800204, 320120, 14323;
80000, 1000000, 25,2800204, 320120, 14332;
80000, 1000000, 25,2800204, 320120, 15202;
80000, 1000000, 50,2800204, 320120, 14353;
80000, 1000000, 50,2800204, 320120, 15395;
80000, 1000000, 50,2800204, 320120, 16762;
80000, 1000000, 50,2800204, 320120, 14535;
80000, 1000000, 50,2800204, 320120, 14256;
80000, 1000000, 50,2800204, 320120, 14622;
80000, 1000000, 50,2800204, 320120, 14282;
80000, 1000000, 50,2800204, 320120, 14377;
80000, 1000000, 50,2800204, 320120, 14359;
80000, 1000000, 50,2800204, 320120, 14594;
80000, 1000000, 75,2800204, 320120, 14387;
80000, 1000000, 75,2800204, 320120, 14422;
80000, 1000000, 75,2800204, 320120, 14214;
80000, 1000000, 75,2800204, 320120, 15005;
80000, 1000000, 75,2800204, 320120, 14882;
80000, 1000000, 75,2800204, 320120, 15034;
80000, 1000000, 75,2800204, 320120, 15129;
80000, 1000000, 75,2800204, 320120, 14653;
80000, 1000000, 75,2800204, 320120, 15039;
80000, 1000000, 75,2800204, 320120, 15260;
80000, 1000000, 100,2800204, 320120, 14603;
80000, 1000000, 100,2800204, 320120, 15885;
80000, 1000000, 100,2800204, 320120, 15720;
80000, 1000000, 100,2800204, 320120, 14175;
80000, 1000000, 100,2800204, 320120, 16003;
80000, 1000000, 100,2800204, 320120, 15032;
80000, 1000000, 100,2800204, 320120, 15172;
80000, 1000000, 100,2800204, 320120, 14918;
80000, 1000000, 100,2800204, 320120, 15125;
80000, 1000000, 100,2800204, 320120, 17443;
80000, 100000000, 0,3600262, 320120, 20126;
80000, 100000000, 0,3600262, 320120, 19363;
80000, 100000000, 0,3600262, 320120, 19510;
80000, 100000000, 0,3600262, 320120, 19412;
80000, 100000000, 0,3600262, 320120, 18470;
80000, 100000000, 0,3600262, 320120, 19482;
80000, 100000000, 0,3600262, 320120, 19756;
80000, 100000000, 0,3600262, 320120, 19368;
80000, 100000000, 0,3600262, 320120, 19441;
80000, 100000000, 0,3600262, 320120, 18430;
80000, 100000000, 25,3600262, 320120, 19425;
80000, 100000000, 25,3600262, 320120, 18375;
80000, 100000000, 25,3600262, 320120, 22185;
80000, 100000000, 25,3600262, 320120, 24882;
80000, 100000000, 25,3600262, 320120, 19561;
80000, 100000000, 25,3600262, 320120, 18378;
80000, 100000000, 25,3600262, 320120, 18303;
80000, 100000000, 25,3600262, 320120, 18266;
80000, 100000000, 25,3600262, 320120, 18309;
80000, 100000000, 25,3600262, 320120, 20744;
80000, 100000000, 50,3600262, 320120, 18472;
80000, 100000000, 50,3600262, 320120, 20051;
80000, 100000000, 50,3600262, 320120, 21675;
80000, 100000000, 50,3600262, 320120, 19293;
80000, 100000000, 50,3600262, 320120, 20144;
80000, 100000000, 50,3600262, 320120, 19064;
80000, 100000000, 50,3600262, 320120, 20833;
80000, 100000000, 50,3600262, 320120, 18720;
80000, 100000000, 50,3600262, 320120, 18611;
80000, 100000000, 50,3600262, 320120, 18380;
80000, 100000000, 75,3600262, 320120, 18288;
80000, 100000000, 75,3600262, 320120, 19717;
80000, 100000000, 75,3600262, 320120, 19410;
80000, 100000000, 75,3600262, 320120, 20122;
80000, 100000000, 75,3600262, 320120, 19034;
80000, 100000000, 75,3600262, 320120, 18233;
80000, 100000000, 75,3600262, 320120, 18722;
80000, 100000000, 75,3600262, 320120, 19239;
80000, 100000000, 75,3600262, 320120, 18823;
80000, 100000000, 75,3600262, 320120, 18452;
80000, 100000000, 100,3600262, 320120, 18833;
80000, 100000000, 100,3600262, 320120, 18236;
80000, 100000000, 100,3600262, 320120, 18437;
80000, 100000000, 100,3600262, 320120, 18304;
80000, 100000000, 100,3600262, 320120, 18553;
80000, 100000000, 100,3600262, 320120, 19474;
80000, 100000000, 100,3600262, 320120, 18282;
80000, 100000000, 100,3600262, 320120, 18386;
80000, 100000000, 100,3600262, 320120, 18237;
80000, 100000000, 100,3600262, 320120, 19657;
90000, 100, 0,1350088, 360120, 10386;
90000, 100, 0,1350088, 360120, 7748;
90000, 100, 0,1350088, 360120, 7024;
90000, 100, 0,1350088, 360120, 8730;
90000, 100, 0,1350088, 360120, 7218;
90000, 100, 0,1350088, 360120, 6850;
90000, 100, 0,1350088, 360120, 6802;
90000, 100, 0,1350088, 360120, 6912;
90000, 100, 0,1350088, 360120, 7016;
90000, 100, 0,1350088, 360120, 6821;
90000, 100, 25,1350088, 360120, 6802;
90000, 100, 25,1350088, 360120, 6810;
90000, 100, 25,1350088, 360120, 6807;
90000, 100, 25,1350088, 360120, 7484;
90000, 100, 25,1350088, 360120, 7195;
90000, 100, 25,1350088, 360120, 6985;
90000, 100, 25,1350088, 360120, 7303;
90000, 100, 25,1350088, 360120, 6808;
90000, 100, 25,1350088, 360120, 9964;
90000, 100, 25,1350088, 360120, 6808;
90000, 100, 50,1350088, 360120, 6867;
90000, 100, 50,1350088, 360120, 6832;
90000, 100, 50,1350088, 360120, 6953;
90000, 100, 50,1350088, 360120, 6936;
90000, 100, 50,1350088, 360120, 6810;
90000, 100, 50,1350088, 360120, 6804;
90000, 100, 50,1350088, 360120, 6809;
90000, 100, 50,1350088, 360120, 6807;
90000, 100, 50,1350088, 360120, 6850;
90000, 100, 50,1350088, 360120, 6837;
90000, 100, 75,1350088, 360120, 6912;
90000, 100, 75,1350088, 360120, 6878;
90000, 100, 75,1350088, 360120, 6811;
90000, 100, 75,1350088, 360120, 6814;
90000, 100, 75,1350088, 360120, 7280;
90000, 100, 75,1350088, 360120, 9855;
90000, 100, 75,1350088, 360120, 7652;
90000, 100, 75,1350088, 360120, 6822;
90000, 100, 75,1350088, 360120, 6816;
90000, 100, 75,1350088, 360120, 6857;
90000, 100, 100,1350088, 360120, 6816;
90000, 100, 100,1350088, 360120, 6886;
90000, 100, 100,1350088, 360120, 6862;
90000, 100, 100,1350088, 360120, 6935;
90000, 100, 100,1350088, 360120, 6866;
90000, 100, 100,1350088, 360120, 6809;
90000, 100, 100,1350088, 360120, 6803;
90000, 100, 100,1350088, 360120, 6830;
90000, 100, 100,1350088, 360120, 6804;
90000, 100, 100,1350088, 360120, 6972;
90000, 10000, 0,2250146, 360120, 11505;
90000, 10000, 0,2250146, 360120, 12277;
90000, 10000, 0,2250146, 360120, 11480;
90000, 10000, 0,2250146, 360120, 13134;
90000, 10000, 0,2250146, 360120, 15724;
90000, 10000, 0,2250146, 360120, 13696;
90000, 10000, 0,2250146, 360120, 11435;
90000, 10000, 0,2250146, 360120, 11841;
90000, 10000, 0,2250146, 360120, 11543;
90000, 10000, 0,2250146, 360120, 11685;
90000, 10000, 25,2250146, 360120, 11510;
90000, 10000, 25,2250146, 360120, 11454;
90000, 10000, 25,2250146, 360120, 11601;
90000, 10000, 25,2250146, 360120, 11427;
90000, 10000, 25,2250146, 360120, 11517;
90000, 10000, 25,2250146, 360120, 11697;
90000, 10000, 25,2250146, 360120, 12223;
90000, 10000, 25,2250146, 360120, 12143;
90000, 10000, 25,2250146, 360120, 12213;
90000, 10000, 25,2250146, 360120, 12142;
90000, 10000, 50,2250146, 360120, 12206;
90000, 10000, 50,2250146, 360120, 11538;
90000, 10000, 50,2250146, 360120, 12410;
90000, 10000, 50,2250146, 360120, 11586;
90000, 10000, 50,2250146, 360120, 11727;
90000, 10000, 50,2250146, 360120, 11612;
90000, 10000, 50,2250146, 360120, 11388;
90000, 10000, 50,2250146, 360120, 11589;
90000, 10000, 50,2250146, 360120, 11746;
90000, 10000, 50,2250146, 360120, 12256;
90000, 10000, 75,2250146, 360120, 15799;
90000, 10000, 75,2250146, 360120, 13512;
90000, 10000, 75,2250146, 360120, 11450;
90000, 10000, 75,2250146, 360120, 12232;
90000, 10000, 75,2250146, 360120, 11400;
90000, 10000, 75,2250146, 360120, 12267;
90000, 10000, 75,2250146, 360120, 12075;
90000, 10000, 75,2250146, 360120, 14567;
90000, 10000, 75,2250146, 360120, 12341;
90000, 10000, 75,2250146, 360120, 11397;
90000, 10000, 100,2250146, 360120, 11476;
90000, 10000, 100,2250146, 360120, 11580;
90000, 10000, 100,2250146, 360120, 11421;
90000, 10000, 100,2250146, 360120, 11537;
90000, 10000, 100,2250146, 360120, 12024;
90000, 10000, 100,2250146, 360120, 12223;
90000, 10000, 100,2250146, 360120, 11788;
90000, 10000, 100,2250146, 360120, 11756;
90000, 10000, 100,2250146, 360120, 11459;
90000, 10000, 100,2250146, 360120, 11441;
90000, 1000000, 0,3150204, 360120, 16082;
90000, 1000000, 0,3150204, 360120, 16049;
90000, 1000000, 0,3150204, 360120, 16050;
90000, 1000000, 0,3150204, 360120, 16763;
90000, 1000000, 0,3150204, 360120, 17579;
90000, 1000000, 0,3150204, 360120, 16145;
90000, 1000000, 0,3150204, 360120, 16057;
90000, 1000000, 0,3150204, 360120, 16065;
90000, 1000000, 0,3150204, 360120, 16777;
90000, 1000000, 0,3150204, 360120, 21266;
90000, 1000000, 25,3150204, 360120, 17194;
90000, 1000000, 25,3150204, 360120, 16534;
90000, 1000000, 25,3150204, 360120, 16256;
90000, 1000000, 25,3150204, 360120, 16168;
90000, 1000000, 25,3150204, 360120, 16980;
90000, 1000000, 25,3150204, 360120, 16078;
90000, 1000000, 25,3150204, 360120, 16040;
90000, 1000000, 25,3150204, 360120, 17022;
90000, 1000000, 25,3150204, 360120, 16217;
90000, 1000000, 25,3150204, 360120, 16033;
90000, 1000000, 50,3150204, 360120, 19711;
90000, 1000000, 50,3150204, 360120, 16688;
90000, 1000000, 50,3150204, 360120, 16046;
90000, 1000000, 50,3150204, 360120, 16083;
90000, 1000000, 50,3150204, 360120, 16556;
90000, 1000000, 50,3150204, 360120, 16791;
90000, 1000000, 50,3150204, 360120, 16897;
90000, 1000000, 50,3150204, 360120, 16241;
90000, 1000000, 50,3150204, 360120, 15997;
90000, 1000000, 50,3150204, 360120, 16058;
90000, 1000000, 75,3150204, 360120, 16144;
90000, 1000000, 75,3150204, 360120, 15971;
90000, 1000000, 75,3150204, 360120, 16293;
90000, 1000000, 75,3150204, 360120, 16616;
90000, 1000000, 75,3150204, 360120, 24282;
90000, 1000000, 75,3150204, 360120, 16299;
90000, 1000000, 75,3150204, 360120, 17165;
90000, 1000000, 75,3150204, 360120, 16116;
90000, 1000000, 75,3150204, 360120, 16131;
90000, 1000000, 75,3150204, 360120, 16645;
90000, 1000000, 100,3150204, 360120, 18180;
90000, 1000000, 100,3150204, 360120, 17038;
90000, 1000000, 100,3150204, 360120, 16114;
90000, 1000000, 100,3150204, 360120, 20129;
90000, 1000000, 100,3150204, 360120, 16247;
90000, 1000000, 100,3150204, 360120, 16355;
90000, 1000000, 100,3150204, 360120, 16770;
90000, 1000000, 100,3150204, 360120, 17411;
90000, 1000000, 100,3150204, 360120, 17587;
90000, 1000000, 100,3150204, 360120, 16855;
90000, 100000000, 0,4050262, 360120, 21680;
90000, 100000000, 0,4050262, 360120, 21570;
90000, 100000000, 0,4050262, 360120, 20588;
90000, 100000000, 0,4050262, 360120, 22591;
90000, 100000000, 0,4050262, 360120, 21817;
90000, 100000000, 0,4050262, 360120, 21813;
90000, 100000000, 0,4050262, 360120, 20694;
90000, 100000000, 0,4050262, 360120, 20605;
90000, 100000000, 0,4050262, 360120, 20573;
90000, 100000000, 0,4050262, 360120, 21565;
90000, 100000000, 25,4050262, 360120, 21525;
90000, 100000000, 25,4050262, 360120, 21527;
90000, 100000000, 25,4050262, 360120, 20561;
90000, 100000000, 25,4050262, 360120, 21871;
90000, 100000000, 25,4050262, 360120, 21355;
90000, 100000000, 25,4050262, 360120, 25808;
90000, 100000000, 25,4050262, 360120, 21606;
90000, 100000000, 25,4050262, 360120, 21567;
90000, 100000000, 25,4050262, 360120, 20800;
90000, 100000000, 25,4050262, 360120, 21116;
90000, 100000000, 50,4050262, 360120, 21103;
90000, 100000000, 50,4050262, 360120, 20629;
90000, 100000000, 50,4050262, 360120, 21857;
90000, 100000000, 50,4050262, 360120, 21125;
90000, 100000000, 50,4050262, 360120, 21028;
90000, 100000000, 50,4050262, 360120, 21755;
90000, 100000000, 50,4050262, 360120, 22678;
90000, 100000000, 50,4050262, 360120, 22775;
90000, 100000000, 50,4050262, 360120, 21283;
90000, 100000000, 50,4050262, 360120, 20753;
90000, 100000000, 75,4050262, 360120, 21573;
90000, 100000000, 75,4050262, 360120, 21191;
90000, 100000000, 75,4050262, 360120, 21018;
90000, 100000000, 75,4050262, 360120, 20612;
90000, 100000000, 75,4050262, 360120, 22010;
90000, 100000000, 75,4050262, 360120, 22355;
90000, 100000000, 75,4050262, 360120, 20511;
90000, 100000000, 75,4050262, 360120, 21942;
90000, 100000000, 75,4050262, 360120, 23606;
90000, 100000000, 75,4050262, 360120, 21064;
90000, 100000000, 100,4050262, 360120, 21109;
90000, 100000000, 100,4050262, 360120, 20565;
90000, 100000000, 100,4050262, 360120, 20928;
90000, 100000000, 100,4050262, 360120, 20534;
90000, 100000000, 100,4050262, 360120, 22006;
90000, 100000000, 100,4050262, 360120, 20549;
90000, 100000000, 100,4050262, 360120, 20946;
90000, 100000000, 100,4050262, 360120, 20664;
90000, 100000000, 100,4050262, 360120, 24503;
90000, 100000000, 100,4050262, 360120, 21366;
100000, 100, 0,1500088, 400120, 8061;
100000, 100, 0,1500088, 400120, 8059;
100000, 100, 0,1500088, 400120, 7571;
100000, 100, 0,1500088, 400120, 7559;
100000, 100, 0,1500088, 400120, 7580;
100000, 100, 0,1500088, 400120, 7587;
100000, 100, 0,1500088, 400120, 8047;
100000, 100, 0,1500088, 400120, 7559;
100000, 100, 0,1500088, 400120, 7559;
100000, 100, 0,1500088, 400120, 8061;
100000, 100, 25,1500088, 400120, 7555;
100000, 100, 25,1500088, 400120, 8062;
100000, 100, 25,1500088, 400120, 7649;
100000, 100, 25,1500088, 400120, 8070;
100000, 100, 25,1500088, 400120, 8111;
100000, 100, 25,1500088, 400120, 11214;
100000, 100, 25,1500088, 400120, 8976;
100000, 100, 25,1500088, 400120, 7737;
100000, 100, 25,1500088, 400120, 7739;
100000, 100, 25,1500088, 400120, 7583;
100000, 100, 50,1500088, 400120, 7624;
100000, 100, 50,1500088, 400120, 8131;
100000, 100, 50,1500088, 400120, 8229;
100000, 100, 50,1500088, 400120, 7671;
100000, 100, 50,1500088, 400120, 8200;
100000, 100, 50,1500088, 400120, 8071;
100000, 100, 50,1500088, 400120, 8058;
100000, 100, 50,1500088, 400120, 7567;
100000, 100, 50,1500088, 400120, 8097;
100000, 100, 50,1500088, 400120, 8106;
100000, 100, 75,1500088, 400120, 8363;
100000, 100, 75,1500088, 400120, 8058;
100000, 100, 75,1500088, 400120, 8061;
100000, 100, 75,1500088, 400120, 8136;
100000, 100, 75,1500088, 400120, 7803;
100000, 100, 75,1500088, 400120, 10483;
100000, 100, 75,1500088, 400120, 7585;
100000, 100, 75,1500088, 400120, 7557;
100000, 100, 75,1500088, 400120, 7553;
100000, 100, 75,1500088, 400120, 7558;
100000, 100, 100,1500088, 400120, 7551;
100000, 100, 100,1500088, 400120, 8012;
100000, 100, 100,1500088, 400120, 8218;
100000, 100, 100,1500088, 400120, 8093;
100000, 100, 100,1500088, 400120, 7808;
100000, 100, 100,1500088, 400120, 8855;
100000, 100, 100,1500088, 400120, 8060;
100000, 100, 100,1500088, 400120, 9649;
100000, 100, 100,1500088, 400120, 8058;
100000, 100, 100,1500088, 400120, 7739;
100000, 10000, 0,2500146, 400120, 13668;
100000, 10000, 0,2500146, 400120, 13519;
100000, 10000, 0,2500146, 400120, 13215;
100000, 10000, 0,2500146, 400120, 13487;
100000, 10000, 0,2500146, 400120, 13324;
100000, 10000, 0,2500146, 400120, 12865;
100000, 10000, 0,2500146, 400120, 12948;
100000, 10000, 0,2500146, 400120, 12979;
100000, 10000, 0,2500146, 400120, 12971;
100000, 10000, 0,2500146, 400120, 14454;
100000, 10000, 25,2500146, 400120, 13751;
100000, 10000, 25,2500146, 400120, 13501;
100000, 10000, 25,2500146, 400120, 14048;
100000, 10000, 25,2500146, 400120, 12688;
100000, 10000, 25,2500146, 400120, 12724;
100000, 10000, 25,2500146, 400120, 14103;
100000, 10000, 25,2500146, 400120, 12907;
100000, 10000, 25,2500146, 400120, 13432;
100000, 10000, 25,2500146, 400120, 12772;
100000, 10000, 25,2500146, 400120, 12716;
100000, 10000, 50,2500146, 400120, 12740;
100000, 10000, 50,2500146, 400120, 13476;
100000, 10000, 50,2500146, 400120, 15584;
100000, 10000, 50,2500146, 400120, 15499;
100000, 10000, 50,2500146, 400120, 13517;
100000, 10000, 50,2500146, 400120, 13290;
100000, 10000, 50,2500146, 400120, 13174;
100000, 10000, 50,2500146, 400120, 12780;
100000, 10000, 50,2500146, 400120, 12764;
100000, 10000, 50,2500146, 400120, 13502;
100000, 10000, 75,2500146, 400120, 13499;
100000, 10000, 75,2500146, 400120, 13228;
100000, 10000, 75,2500146, 400120, 12967;
100000, 10000, 75,2500146, 400120, 13406;
100000, 10000, 75,2500146, 400120, 13420;
100000, 10000, 75,2500146, 400120, 12826;
100000, 10000, 75,2500146, 400120, 13529;
100000, 10000, 75,2500146, 400120, 19134;
100000, 10000, 75,2500146, 400120, 12658;
100000, 10000, 75,2500146, 400120, 13504;
100000, 10000, 100,2500146, 400120, 13641;
100000, 10000, 100,2500146, 400120, 12968;
100000, 10000, 100,2500146, 400120, 12891;
100000, 10000, 100,2500146, 400120, 13000;
100000, 10000, 100,2500146, 400120, 13484;
100000, 10000, 100,2500146, 400120, 12726;
100000, 10000, 100,2500146, 400120, 12994;
100000, 10000, 100,2500146, 400120, 13397;
100000, 10000, 100,2500146, 400120, 12660;
100000, 10000, 100,2500146, 400120, 12970;
100000, 1000000, 0,3500204, 400120, 18388;
100000, 1000000, 0,3500204, 400120, 17920;
100000, 1000000, 0,3500204, 400120, 18674;
100000, 1000000, 0,3500204, 400120, 17791;
100000, 1000000, 0,3500204, 400120, 18264;
100000, 1000000, 0,3500204, 400120, 18871;
100000, 1000000, 0,3500204, 400120, 18033;
100000, 1000000, 0,3500204, 400120, 18969;
100000, 1000000, 0,3500204, 400120, 19143;
100000, 1000000, 0,3500204, 400120, 18588;
100000, 1000000, 25,3500204, 400120, 19259;
100000, 1000000, 25,3500204, 400120, 21550;
100000, 1000000, 25,3500204, 400120, 18009;
100000, 1000000, 25,3500204, 400120, 17775;
100000, 1000000, 25,3500204, 400120, 18185;
100000, 1000000, 25,3500204, 400120, 17809;
100000, 1000000, 25,3500204, 400120, 18121;
100000, 1000000, 25,3500204, 400120, 18516;
100000, 1000000, 25,3500204, 400120, 18886;
100000, 1000000, 25,3500204, 400120, 17790;
100000, 1000000, 50,3500204, 400120, 18219;
100000, 1000000, 50,3500204, 400120, 19059;
100000, 1000000, 50,3500204, 400120, 18926;
100000, 1000000, 50,3500204, 400120, 18956;
100000, 1000000, 50,3500204, 400120, 18855;
100000, 1000000, 50,3500204, 400120, 17900;
100000, 1000000, 50,3500204, 400120, 19255;
100000, 1000000, 50,3500204, 400120, 17824;
100000, 1000000, 50,3500204, 400120, 19461;
100000, 1000000, 50,3500204, 400120, 18348;
100000, 1000000, 75,3500204, 400120, 17851;
100000, 1000000, 75,3500204, 400120, 17893;
100000, 1000000, 75,3500204, 400120, 20793;
100000, 1000000, 75,3500204, 400120, 26149;
100000, 1000000, 75,3500204, 400120, 18104;
100000, 1000000, 75,3500204, 400120, 22372;
100000, 1000000, 75,3500204, 400120, 18525;
100000, 1000000, 75,3500204, 400120, 17776;
100000, 1000000, 75,3500204, 400120, 18101;
100000, 1000000, 75,3500204, 400120, 17853;
100000, 1000000, 100,3500204, 400120, 19002;
100000, 1000000, 100,3500204, 400120, 18232;
100000, 1000000, 100,3500204, 400120, 18223;
100000, 1000000, 100,3500204, 400120, 19050;
100000, 1000000, 100,3500204, 400120, 22225;
100000, 1000000, 100,3500204, 400120, 18874;
100000, 1000000, 100,3500204, 400120, 18936;
100000, 1000000, 100,3500204, 400120, 17812;
100000, 1000000, 100,3500204, 400120, 18081;
100000, 1000000, 100,3500204, 400120, 17764;
100000, 100000000, 0,4500262, 400120, 22827;
100000, 100000000, 0,4500262, 400120, 24254;
100000, 100000000, 0,4500262, 400120, 22743;
100000, 100000000, 0,4500262, 400120, 22816;
100000, 100000000, 0,4500262, 400120, 27816;
100000, 100000000, 0,4500262, 400120, 26037;
100000, 100000000, 0,4500262, 400120, 24023;
100000, 100000000, 0,4500262, 400120, 22960;
100000, 100000000, 0,4500262, 400120, 23615;
100000, 100000000, 0,4500262, 400120, 23612;
100000, 100000000, 25,4500262, 400120, 24056;
100000, 100000000, 25,4500262, 400120, 23072;
100000, 100000000, 25,4500262, 400120, 22896;
100000, 100000000, 25,4500262, 400120, 24456;
100000, 100000000, 25,4500262, 400120, 24535;
100000, 100000000, 25,4500262, 400120, 23609;
100000, 100000000, 25,4500262, 400120, 23502;
100000, 100000000, 25,4500262, 400120, 23108;
100000, 100000000, 25,4500262, 400120, 22743;
100000, 100000000, 25,4500262, 400120, 22988;
100000, 100000000, 50,4500262, 400120, 24033;
100000, 100000000, 50,4500262, 400120, 23062;
100000, 100000000, 50,4500262, 400120, 23944;
100000, 100000000, 50,4500262, 400120, 24403;
100000, 100000000, 50,4500262, 400120, 24593;
100000, 100000000, 50,4500262, 400120, 28797;
100000, 100000000, 50,4500262, 400120, 23135;
100000, 100000000, 50,4500262, 400120, 22918;
100000, 100000000, 50,4500262, 400120, 25666;
100000, 100000000, 50,4500262, 400120, 24333;
100000, 100000000, 75,4500262, 400120, 22817;
100000, 100000000, 75,4500262, 400120, 24333;
100000, 100000000, 75,4500262, 400120, 23507;
100000, 100000000, 75,4500262, 400120, 22942;
100000, 100000000, 75,4500262, 400120, 24514;
100000, 100000000, 75,4500262, 400120, 25882;
100000, 100000000, 75,4500262, 400120, 23416;
100000, 100000000, 75,4500262, 400120, 22816;
100000, 100000000, 75,4500262, 400120, 22908;
100000, 100000000, 75,4500262, 400120, 23735;
100000, 100000000, 100,4500262, 400120, 23556;
100000, 100000000, 100,4500262, 400120, 22954;
100000, 100000000, 100,4500262, 400120, 24256;
100000, 100000000, 100,4500262, 400120, 23487;
100000, 100000000, 100,4500262, 400120, 24838;
100000, 100000000, 100,4500262, 400120, 28780;
100000, 100000000, 100,4500262, 400120, 23137;
100000, 100000000, 100,4500262, 400120, 22925;
100000, 100000000, 100,4500262, 400120, 25673;
100000, 100000000, 100,4500262, 400120, 24195;
