TriFusion

Nombre de données, Intervalle des données, Taux de dispersion, nombre d'instructions,mémoire maximale(bytes), temps de traitement(us);
10000, 100, 0,440845, 40060, 2452;
10000, 100, 0,440845, 40060, 2416;
10000, 100, 0,440845, 40060, 2450;
10000, 100, 0,440845, 40060, 2354;
10000, 100, 0,440845, 40060, 2409;
10000, 100, 0,440845, 40060, 2544;
10000, 100, 0,440845, 40060, 2357;
10000, 100, 0,440845, 40060, 2190;
10000, 100, 0,440845, 40060, 1575;
10000, 100, 0,440845, 40060, 1554;
10000, 100, 25,440845, 40060, 1633;
10000, 100, 25,440845, 40060, 2572;
10000, 100, 25,440845, 40060, 2441;
10000, 100, 25,440845, 40060, 2721;
10000, 100, 25,440845, 40060, 2407;
10000, 100, 25,440845, 40060, 2409;
10000, 100, 25,440845, 40060, 1630;
10000, 100, 25,440845, 40060, 1631;
10000, 100, 25,440845, 40060, 1622;
10000, 100, 25,440845, 40060, 1657;
10000, 100, 50,440845, 40060, 1641;
10000, 100, 50,440845, 40060, 1658;
10000, 100, 50,440845, 40060, 1640;
10000, 100, 50,440845, 40060, 1644;
10000, 100, 50,440845, 40060, 1644;
10000, 100, 50,440845, 40060, 1658;
10000, 100, 50,440845, 40060, 1537;
10000, 100, 50,440845, 40060, 1541;
10000, 100, 50,440845, 40060, 1642;
10000, 100, 50,440845, 40060, 1570;
10000, 100, 75,440845, 40060, 1554;
10000, 100, 75,440845, 40060, 1527;
10000, 100, 75,440845, 40060, 1526;
10000, 100, 75,440845, 40060, 1532;
10000, 100, 75,440845, 40060, 1527;
10000, 100, 75,440845, 40060, 1533;
10000, 100, 75,440845, 40060, 1526;
10000, 100, 75,440845, 40060, 1552;
10000, 100, 75,440845, 40060, 1527;
10000, 100, 75,440845, 40060, 1526;
10000, 100, 100,440845, 40060, 1559;
10000, 100, 100,440845, 40060, 1643;
10000, 100, 100,440845, 40060, 1562;
10000, 100, 100,440845, 40060, 1559;
10000, 100, 100,440845, 40060, 1559;
10000, 100, 100,440845, 40060, 1756;
10000, 100, 100,440845, 40060, 1568;
10000, 100, 100,440845, 40060, 1517;
10000, 100, 100,440845, 40060, 1463;
10000, 100, 100,440845, 40060, 1563;
10000, 10000, 0,440845, 40060, 1545;
10000, 10000, 0,440845, 40060, 1667;
10000, 10000, 0,440845, 40060, 1564;
10000, 10000, 0,440845, 40060, 1548;
10000, 10000, 0,440845, 40060, 1587;
10000, 10000, 0,440845, 40060, 1669;
10000, 10000, 0,440845, 40060, 1559;
10000, 10000, 0,440845, 40060, 1546;
10000, 10000, 0,440845, 40060, 1809;
10000, 10000, 0,440845, 40060, 1581;
10000, 10000, 25,440845, 40060, 1623;
10000, 10000, 25,440845, 40060, 1646;
10000, 10000, 25,440845, 40060, 1621;
10000, 10000, 25,440845, 40060, 1654;
10000, 10000, 25,440845, 40060, 1618;
10000, 10000, 25,440845, 40060, 1644;
10000, 10000, 25,440845, 40060, 1621;
10000, 10000, 25,440845, 40060, 1618;
10000, 10000, 25,440845, 40060, 1619;
10000, 10000, 25,440845, 40060, 1618;
10000, 10000, 50,440845, 40060, 1562;
10000, 10000, 50,440845, 40060, 1560;
10000, 10000, 50,440845, 40060, 1560;
10000, 10000, 50,440845, 40060, 1591;
10000, 10000, 50,440845, 40060, 1625;
10000, 10000, 50,440845, 40060, 1560;
10000, 10000, 50,440845, 40060, 1559;
10000, 10000, 50,440845, 40060, 1561;
10000, 10000, 50,440845, 40060, 1677;
10000, 10000, 50,440845, 40060, 1621;
10000, 10000, 75,440845, 40060, 1659;
10000, 10000, 75,440845, 40060, 1556;
10000, 10000, 75,440845, 40060, 1557;
10000, 10000, 75,440845, 40060, 1554;
10000, 10000, 75,440845, 40060, 1554;
10000, 10000, 75,440845, 40060, 1554;
10000, 10000, 75,440845, 40060, 1664;
10000, 10000, 75,440845, 40060, 1588;
10000, 10000, 75,440845, 40060, 1553;
10000, 10000, 75,440845, 40060, 1554;
10000, 10000, 100,440845, 40060, 1593;
10000, 10000, 100,440845, 40060, 1493;
10000, 10000, 100,440845, 40060, 1519;
10000, 10000, 100,440845, 40060, 1735;
10000, 10000, 100,440845, 40060, 1650;
10000, 10000, 100,440845, 40060, 1493;
10000, 10000, 100,440845, 40060, 1495;
10000, 10000, 100,440845, 40060, 1559;
10000, 10000, 100,440845, 40060, 1620;
10000, 10000, 100,440845, 40060, 1494;
10000, 1000000, 0,440845, 40060, 1673;
10000, 1000000, 0,440845, 40060, 1446;
10000, 1000000, 0,440845, 40060, 1445;
10000, 1000000, 0,440845, 40060, 1446;
10000, 1000000, 0,440845, 40060, 1642;
10000, 1000000, 0,440845, 40060, 1447;
10000, 1000000, 0,440845, 40060, 1444;
10000, 1000000, 0,440845, 40060, 1443;
10000, 1000000, 0,440845, 40060, 1444;
10000, 1000000, 0,440845, 40060, 1543;
10000, 1000000, 25,440845, 40060, 1618;
10000, 1000000, 25,440845, 40060, 1516;
10000, 1000000, 25,440845, 40060, 1566;
10000, 1000000, 25,440845, 40060, 1614;
10000, 1000000, 25,440845, 40060, 1514;
10000, 1000000, 25,440845, 40060, 1515;
10000, 1000000, 25,440845, 40060, 1520;
10000, 1000000, 25,440845, 40060, 1514;
10000, 1000000, 25,440845, 40060, 1514;
10000, 1000000, 25,440845, 40060, 1513;
10000, 1000000, 50,440845, 40060, 1624;
10000, 1000000, 50,440845, 40060, 1552;
10000, 1000000, 50,440845, 40060, 1552;
10000, 1000000, 50,440845, 40060, 1713;
10000, 1000000, 50,440845, 40060, 1613;
10000, 1000000, 50,440845, 40060, 1551;
10000, 1000000, 50,440845, 40060, 1552;
10000, 1000000, 50,440845, 40060, 1659;
10000, 1000000, 50,440845, 40060, 1656;
10000, 1000000, 50,440845, 40060, 1653;
10000, 1000000, 75,440845, 40060, 2003;
10000, 1000000, 75,440845, 40060, 1634;
10000, 1000000, 75,440845, 40060, 1633;
10000, 1000000, 75,440845, 40060, 1632;
10000, 1000000, 75,440845, 40060, 1632;
10000, 1000000, 75,440845, 40060, 2140;
10000, 1000000, 75,440845, 40060, 1637;
10000, 1000000, 75,440845, 40060, 1729;
10000, 1000000, 75,440845, 40060, 1760;
10000, 1000000, 75,440845, 40060, 1664;
10000, 1000000, 100,440845, 40060, 1564;
10000, 1000000, 100,440845, 40060, 1560;
10000, 1000000, 100,440845, 40060, 1561;
10000, 1000000, 100,440845, 40060, 1560;
10000, 1000000, 100,440845, 40060, 1565;
10000, 1000000, 100,440845, 40060, 1563;
10000, 1000000, 100,440845, 40060, 2007;
10000, 1000000, 100,440845, 40060, 1563;
10000, 1000000, 100,440845, 40060, 1584;
10000, 1000000, 100,440845, 40060, 2989;
10000, 100000000, 0,440845, 40060, 1552;
10000, 100000000, 0,440845, 40060, 1550;
10000, 100000000, 0,440845, 40060, 1559;
10000, 100000000, 0,440845, 40060, 1544;
10000, 100000000, 0,440845, 40060, 1617;
10000, 100000000, 0,440845, 40060, 1561;
10000, 100000000, 0,440845, 40060, 1600;
10000, 100000000, 0,440845, 40060, 1546;
10000, 100000000, 0,440845, 40060, 1540;
10000, 100000000, 0,440845, 40060, 1541;
10000, 100000000, 25,440845, 40060, 1615;
10000, 100000000, 25,440845, 40060, 1615;
10000, 100000000, 25,440845, 40060, 1636;
10000, 100000000, 25,440845, 40060, 1616;
10000, 100000000, 25,440845, 40060, 1618;
10000, 100000000, 25,440845, 40060, 1617;
10000, 100000000, 25,440845, 40060, 1621;
10000, 100000000, 25,440845, 40060, 1760;
10000, 100000000, 25,440845, 40060, 1616;
10000, 100000000, 25,440845, 40060, 1753;
10000, 100000000, 50,440845, 40060, 1656;
10000, 100000000, 50,440845, 40060, 1654;
10000, 100000000, 50,440845, 40060, 1790;
10000, 100000000, 50,440845, 40060, 1665;
10000, 100000000, 50,440845, 40060, 1594;
10000, 100000000, 50,440845, 40060, 1594;
10000, 100000000, 50,440845, 40060, 1554;
10000, 100000000, 50,440845, 40060, 1550;
10000, 100000000, 50,440845, 40060, 1552;
10000, 100000000, 50,440845, 40060, 1551;
10000, 100000000, 75,440845, 40060, 1639;
10000, 100000000, 75,440845, 40060, 1642;
10000, 100000000, 75,440845, 40060, 1529;
10000, 100000000, 75,440845, 40060, 1529;
10000, 100000000, 75,440845, 40060, 1530;
10000, 100000000, 75,440845, 40060, 1570;
10000, 100000000, 75,440845, 40060, 1531;
10000, 100000000, 75,440845, 40060, 1531;
10000, 100000000, 75,440845, 40060, 1529;
10000, 100000000, 75,440845, 40060, 1558;
10000, 100000000, 100,440845, 40060, 1546;
10000, 100000000, 100,440845, 40060, 1463;
10000, 100000000, 100,440845, 40060, 1462;
10000, 100000000, 100,440845, 40060, 1464;
10000, 100000000, 100,440845, 40060, 1563;
10000, 100000000, 100,440845, 40060, 1559;
10000, 100000000, 100,440845, 40060, 1559;
10000, 100000000, 100,440845, 40060, 1559;
10000, 100000000, 100,440845, 40060, 1561;
10000, 100000000, 100,440845, 40060, 1559;
20000, 100, 0,941693, 80060, 3241;
20000, 100, 0,941693, 80060, 3261;
20000, 100, 0,941693, 80060, 3617;
20000, 100, 0,941693, 80060, 3367;
20000, 100, 0,941693, 80060, 3240;
20000, 100, 0,941693, 80060, 3301;
20000, 100, 0,941693, 80060, 3048;
20000, 100, 0,941693, 80060, 3184;
20000, 100, 0,941693, 80060, 3042;
20000, 100, 0,941693, 80060, 3166;
20000, 100, 25,941693, 80060, 3175;
20000, 100, 25,941693, 80060, 3202;
20000, 100, 25,941693, 80060, 3168;
20000, 100, 25,941693, 80060, 3367;
20000, 100, 25,941693, 80060, 3196;
20000, 100, 25,941693, 80060, 3178;
20000, 100, 25,941693, 80060, 3169;
20000, 100, 25,941693, 80060, 3391;
20000, 100, 25,941693, 80060, 3393;
20000, 100, 25,941693, 80060, 3172;
20000, 100, 50,941693, 80060, 3259;
20000, 100, 50,941693, 80060, 3423;
20000, 100, 50,941693, 80060, 3533;
20000, 100, 50,941693, 80060, 3419;
20000, 100, 50,941693, 80060, 3573;
20000, 100, 50,941693, 80060, 3423;
20000, 100, 50,941693, 80060, 5120;
20000, 100, 50,941693, 80060, 3521;
20000, 100, 50,941693, 80060, 3423;
20000, 100, 50,941693, 80060, 3436;
20000, 100, 75,941693, 80060, 3387;
20000, 100, 75,941693, 80060, 3879;
20000, 100, 75,941693, 80060, 5156;
20000, 100, 75,941693, 80060, 4728;
20000, 100, 75,941693, 80060, 3876;
20000, 100, 75,941693, 80060, 3401;
20000, 100, 75,941693, 80060, 3387;
20000, 100, 75,941693, 80060, 4906;
20000, 100, 75,941693, 80060, 3186;
20000, 100, 75,941693, 80060, 3212;
20000, 100, 100,941693, 80060, 3227;
20000, 100, 100,941693, 80060, 3235;
20000, 100, 100,941693, 80060, 3056;
20000, 100, 100,941693, 80060, 3118;
20000, 100, 100,941693, 80060, 3102;
20000, 100, 100,941693, 80060, 3082;
20000, 100, 100,941693, 80060, 3360;
20000, 100, 100,941693, 80060, 3061;
20000, 100, 100,941693, 80060, 3061;
20000, 100, 100,941693, 80060, 3156;
20000, 10000, 0,941693, 80060, 3140;
20000, 10000, 0,941693, 80060, 3244;
20000, 10000, 0,941693, 80060, 3144;
20000, 10000, 0,941693, 80060, 3135;
20000, 10000, 0,941693, 80060, 3048;
20000, 10000, 0,941693, 80060, 3241;
20000, 10000, 0,941693, 80060, 3245;
20000, 10000, 0,941693, 80060, 3254;
20000, 10000, 0,941693, 80060, 3236;
20000, 10000, 0,941693, 80060, 3152;
20000, 10000, 25,941693, 80060, 3406;
20000, 10000, 25,941693, 80060, 3387;
20000, 10000, 25,941693, 80060, 3169;
20000, 10000, 25,941693, 80060, 3234;
20000, 10000, 25,941693, 80060, 3168;
20000, 10000, 25,941693, 80060, 3174;
20000, 10000, 25,941693, 80060, 3170;
20000, 10000, 25,941693, 80060, 3173;
20000, 10000, 25,941693, 80060, 3172;
20000, 10000, 25,941693, 80060, 3178;
20000, 10000, 50,941693, 80060, 3330;
20000, 10000, 50,941693, 80060, 3266;
20000, 10000, 50,941693, 80060, 4086;
20000, 10000, 50,941693, 80060, 3552;
20000, 10000, 50,941693, 80060, 3296;
20000, 10000, 50,941693, 80060, 3340;
20000, 10000, 50,941693, 80060, 3279;
20000, 10000, 50,941693, 80060, 3297;
20000, 10000, 50,941693, 80060, 3277;
20000, 10000, 50,941693, 80060, 3429;
20000, 10000, 75,941693, 80060, 3502;
20000, 10000, 75,941693, 80060, 3271;
20000, 10000, 75,941693, 80060, 3265;
20000, 10000, 75,941693, 80060, 3333;
20000, 10000, 75,941693, 80060, 3488;
20000, 10000, 75,941693, 80060, 4449;
20000, 10000, 75,941693, 80060, 4270;
20000, 10000, 75,941693, 80060, 3482;
20000, 10000, 75,941693, 80060, 3481;
20000, 10000, 75,941693, 80060, 3283;
20000, 10000, 100,941693, 80060, 3875;
20000, 10000, 100,941693, 80060, 3848;
20000, 10000, 100,941693, 80060, 4664;
20000, 10000, 100,941693, 80060, 3370;
20000, 10000, 100,941693, 80060, 3391;
20000, 10000, 100,941693, 80060, 3372;
20000, 10000, 100,941693, 80060, 3587;
20000, 10000, 100,941693, 80060, 3162;
20000, 10000, 100,941693, 80060, 3316;
20000, 10000, 100,941693, 80060, 3159;
20000, 1000000, 0,941693, 80060, 3235;
20000, 1000000, 0,941693, 80060, 3277;
20000, 1000000, 0,941693, 80060, 3245;
20000, 1000000, 0,941693, 80060, 4229;
20000, 1000000, 0,941693, 80060, 3239;
20000, 1000000, 0,941693, 80060, 3240;
20000, 1000000, 0,941693, 80060, 3231;
20000, 1000000, 0,941693, 80060, 4070;
20000, 1000000, 0,941693, 80060, 3544;
20000, 1000000, 0,941693, 80060, 3229;
20000, 1000000, 25,941693, 80060, 3288;
20000, 1000000, 25,941693, 80060, 3168;
20000, 1000000, 25,941693, 80060, 3993;
20000, 1000000, 25,941693, 80060, 3299;
20000, 1000000, 25,941693, 80060, 3241;
20000, 1000000, 25,941693, 80060, 3267;
20000, 1000000, 25,941693, 80060, 3240;
20000, 1000000, 25,941693, 80060, 3188;
20000, 1000000, 25,941693, 80060, 3185;
20000, 1000000, 25,941693, 80060, 3168;
20000, 1000000, 50,941693, 80060, 3486;
20000, 1000000, 50,941693, 80060, 3459;
20000, 1000000, 50,941693, 80060, 3577;
20000, 1000000, 50,941693, 80060, 3467;
20000, 1000000, 50,941693, 80060, 3506;
20000, 1000000, 50,941693, 80060, 3459;
20000, 1000000, 50,941693, 80060, 3526;
20000, 1000000, 50,941693, 80060, 3247;
20000, 1000000, 50,941693, 80060, 3473;
20000, 1000000, 50,941693, 80060, 3250;
20000, 1000000, 75,941693, 80060, 3429;
20000, 1000000, 75,941693, 80060, 3417;
20000, 1000000, 75,941693, 80060, 3217;
20000, 1000000, 75,941693, 80060, 3440;
20000, 1000000, 75,941693, 80060, 3219;
20000, 1000000, 75,941693, 80060, 3247;
20000, 1000000, 75,941693, 80060, 3220;
20000, 1000000, 75,941693, 80060, 3225;
20000, 1000000, 75,941693, 80060, 3217;
20000, 1000000, 75,941693, 80060, 3226;
20000, 1000000, 100,941693, 80060, 3362;
20000, 1000000, 100,941693, 80060, 3298;
20000, 1000000, 100,941693, 80060, 4898;
20000, 1000000, 100,941693, 80060, 3381;
20000, 1000000, 100,941693, 80060, 3113;
20000, 1000000, 100,941693, 80060, 5305;
20000, 1000000, 100,941693, 80060, 6302;
20000, 1000000, 100,941693, 80060, 6753;
20000, 1000000, 100,941693, 80060, 3306;
20000, 1000000, 100,941693, 80060, 3309;
20000, 100000000, 0,941693, 80060, 3536;
20000, 100000000, 0,941693, 80060, 3078;
20000, 100000000, 0,941693, 80060, 3146;
20000, 100000000, 0,941693, 80060, 3244;
20000, 100000000, 0,941693, 80060, 3246;
20000, 100000000, 0,941693, 80060, 3231;
20000, 100000000, 0,941693, 80060, 3428;
20000, 100000000, 0,941693, 80060, 3031;
20000, 100000000, 0,941693, 80060, 3094;
20000, 100000000, 0,941693, 80060, 3031;
20000, 100000000, 25,941693, 80060, 3164;
20000, 100000000, 25,941693, 80060, 3164;
20000, 100000000, 25,941693, 80060, 3188;
20000, 100000000, 25,941693, 80060, 3161;
20000, 100000000, 25,941693, 80060, 3212;
20000, 100000000, 25,941693, 80060, 3160;
20000, 100000000, 25,941693, 80060, 3174;
20000, 100000000, 25,941693, 80060, 3166;
20000, 100000000, 25,941693, 80060, 3229;
20000, 100000000, 25,941693, 80060, 3456;
20000, 100000000, 50,941693, 80060, 3249;
20000, 100000000, 50,941693, 80060, 3250;
20000, 100000000, 50,941693, 80060, 3250;
20000, 100000000, 50,941693, 80060, 3249;
20000, 100000000, 50,941693, 80060, 3247;
20000, 100000000, 50,941693, 80060, 3247;
20000, 100000000, 50,941693, 80060, 3383;
20000, 100000000, 50,941693, 80060, 3964;
20000, 100000000, 50,941693, 80060, 3475;
20000, 100000000, 50,941693, 80060, 3245;
20000, 100000000, 75,941693, 80060, 3214;
20000, 100000000, 75,941693, 80060, 3656;
20000, 100000000, 75,941693, 80060, 3244;
20000, 100000000, 75,941693, 80060, 3289;
20000, 100000000, 75,941693, 80060, 3224;
20000, 100000000, 75,941693, 80060, 3432;
20000, 100000000, 75,941693, 80060, 3226;
20000, 100000000, 75,941693, 80060, 3298;
20000, 100000000, 75,941693, 80060, 3434;
20000, 100000000, 75,941693, 80060, 3248;
20000, 100000000, 100,941693, 80060, 3310;
20000, 100000000, 100,941693, 80060, 3092;
20000, 100000000, 100,941693, 80060, 3261;
20000, 100000000, 100,941693, 80060, 3297;
20000, 100000000, 100,941693, 80060, 3234;
20000, 100000000, 100,941693, 80060, 3087;
20000, 100000000, 100,941693, 80060, 3311;
20000, 100000000, 100,941693, 80060, 3299;
20000, 100000000, 100,941693, 80060, 4902;
20000, 100000000, 100,941693, 80060, 4660;
30000, 100, 0,1461693, 120060, 5022;
30000, 100, 0,1461693, 120060, 5007;
30000, 100, 0,1461693, 120060, 5529;
30000, 100, 0,1461693, 120060, 5350;
30000, 100, 0,1461693, 120060, 5167;
30000, 100, 0,1461693, 120060, 5040;
30000, 100, 0,1461693, 120060, 4774;
30000, 100, 0,1461693, 120060, 5059;
30000, 100, 0,1461693, 120060, 4985;
30000, 100, 0,1461693, 120060, 4876;
30000, 100, 25,1461693, 120060, 5316;
30000, 100, 25,1461693, 120060, 5215;
30000, 100, 25,1461693, 120060, 5213;
30000, 100, 25,1461693, 120060, 5290;
30000, 100, 25,1461693, 120060, 5175;
30000, 100, 25,1461693, 120060, 4885;
30000, 100, 25,1461693, 120060, 4887;
30000, 100, 25,1461693, 120060, 4892;
30000, 100, 25,1461693, 120060, 5235;
30000, 100, 25,1461693, 120060, 5234;
30000, 100, 50,1461693, 120060, 5168;
30000, 100, 50,1461693, 120060, 5024;
30000, 100, 50,1461693, 120060, 5106;
30000, 100, 50,1461693, 120060, 4993;
30000, 100, 50,1461693, 120060, 5138;
30000, 100, 50,1461693, 120060, 4947;
30000, 100, 50,1461693, 120060, 4950;
30000, 100, 50,1461693, 120060, 5021;
30000, 100, 50,1461693, 120060, 5296;
30000, 100, 50,1461693, 120060, 5270;
30000, 100, 75,1461693, 120060, 4892;
30000, 100, 75,1461693, 120060, 5352;
30000, 100, 75,1461693, 120060, 5225;
30000, 100, 75,1461693, 120060, 5267;
30000, 100, 75,1461693, 120060, 5221;
30000, 100, 75,1461693, 120060, 4895;
30000, 100, 75,1461693, 120060, 4896;
30000, 100, 75,1461693, 120060, 5037;
30000, 100, 75,1461693, 120060, 5037;
30000, 100, 75,1461693, 120060, 4887;
30000, 100, 100,1461693, 120060, 4760;
30000, 100, 100,1461693, 120060, 5043;
30000, 100, 100,1461693, 120060, 5033;
30000, 100, 100,1461693, 120060, 5022;
30000, 100, 100,1461693, 120060, 5637;
30000, 100, 100,1461693, 120060, 5169;
30000, 100, 100,1461693, 120060, 6378;
30000, 100, 100,1461693, 120060, 4712;
30000, 100, 100,1461693, 120060, 4713;
30000, 100, 100,1461693, 120060, 4937;
30000, 10000, 0,1461693, 120060, 5007;
30000, 10000, 0,1461693, 120060, 5004;
30000, 10000, 0,1461693, 120060, 4745;
30000, 10000, 0,1461693, 120060, 4682;
30000, 10000, 0,1461693, 120060, 4702;
30000, 10000, 0,1461693, 120060, 6369;
30000, 10000, 0,1461693, 120060, 4989;
30000, 10000, 0,1461693, 120060, 5003;
30000, 10000, 0,1461693, 120060, 4788;
30000, 10000, 0,1461693, 120060, 4992;
30000, 10000, 25,1461693, 120060, 5255;
30000, 10000, 25,1461693, 120060, 4911;
30000, 10000, 25,1461693, 120060, 5039;
30000, 10000, 25,1461693, 120060, 4904;
30000, 10000, 25,1461693, 120060, 5371;
30000, 10000, 25,1461693, 120060, 5160;
30000, 10000, 25,1461693, 120060, 5216;
30000, 10000, 25,1461693, 120060, 5225;
30000, 10000, 25,1461693, 120060, 4919;
30000, 10000, 25,1461693, 120060, 4981;
30000, 10000, 50,1461693, 120060, 5301;
30000, 10000, 50,1461693, 120060, 5151;
30000, 10000, 50,1461693, 120060, 5045;
30000, 10000, 50,1461693, 120060, 5039;
30000, 10000, 50,1461693, 120060, 5035;
30000, 10000, 50,1461693, 120060, 5401;
30000, 10000, 50,1461693, 120060, 5193;
30000, 10000, 50,1461693, 120060, 5112;
30000, 10000, 50,1461693, 120060, 5065;
30000, 10000, 50,1461693, 120060, 5330;
30000, 10000, 75,1461693, 120060, 5036;
30000, 10000, 75,1461693, 120060, 5375;
30000, 10000, 75,1461693, 120060, 5371;
30000, 10000, 75,1461693, 120060, 5058;
30000, 10000, 75,1461693, 120060, 5116;
30000, 10000, 75,1461693, 120060, 5043;
30000, 10000, 75,1461693, 120060, 5399;
30000, 10000, 75,1461693, 120060, 8262;
30000, 10000, 75,1461693, 120060, 5378;
30000, 10000, 75,1461693, 120060, 5366;
30000, 10000, 100,1461693, 120060, 4867;
30000, 10000, 100,1461693, 120060, 4924;
30000, 10000, 100,1461693, 120060, 4879;
30000, 10000, 100,1461693, 120060, 5941;
30000, 10000, 100,1461693, 120060, 5219;
30000, 10000, 100,1461693, 120060, 5192;
30000, 10000, 100,1461693, 120060, 4920;
30000, 10000, 100,1461693, 120060, 4874;
30000, 10000, 100,1461693, 120060, 4862;
30000, 10000, 100,1461693, 120060, 5335;
30000, 1000000, 0,1461693, 120060, 4686;
30000, 1000000, 0,1461693, 120060, 5030;
30000, 1000000, 0,1461693, 120060, 4763;
30000, 1000000, 0,1461693, 120060, 4692;
30000, 1000000, 0,1461693, 120060, 5652;
30000, 1000000, 0,1461693, 120060, 5010;
30000, 1000000, 0,1461693, 120060, 4874;
30000, 1000000, 0,1461693, 120060, 4786;
30000, 1000000, 0,1461693, 120060, 4818;
30000, 1000000, 0,1461693, 120060, 4805;
30000, 1000000, 25,1461693, 120060, 5357;
30000, 1000000, 25,1461693, 120060, 4932;
30000, 1000000, 25,1461693, 120060, 4867;
30000, 1000000, 25,1461693, 120060, 5286;
30000, 1000000, 25,1461693, 120060, 5242;
30000, 1000000, 25,1461693, 120060, 5076;
30000, 1000000, 25,1461693, 120060, 5197;
30000, 1000000, 25,1461693, 120060, 4875;
30000, 1000000, 25,1461693, 120060, 5002;
30000, 1000000, 25,1461693, 120060, 5060;
30000, 1000000, 50,1461693, 120060, 5691;
30000, 1000000, 50,1461693, 120060, 5346;
30000, 1000000, 50,1461693, 120060, 5435;
30000, 1000000, 50,1461693, 120060, 5350;
30000, 1000000, 50,1461693, 120060, 5335;
30000, 1000000, 50,1461693, 120060, 7811;
30000, 1000000, 50,1461693, 120060, 8789;
30000, 1000000, 50,1461693, 120060, 5432;
30000, 1000000, 50,1461693, 120060, 5337;
30000, 1000000, 50,1461693, 120060, 5394;
30000, 1000000, 75,1461693, 120060, 5667;
30000, 1000000, 75,1461693, 120060, 4971;
30000, 1000000, 75,1461693, 120060, 5013;
30000, 1000000, 75,1461693, 120060, 5058;
30000, 1000000, 75,1461693, 120060, 4981;
30000, 1000000, 75,1461693, 120060, 5305;
30000, 1000000, 75,1461693, 120060, 4998;
30000, 1000000, 75,1461693, 120060, 4981;
30000, 1000000, 75,1461693, 120060, 5081;
30000, 1000000, 75,1461693, 120060, 5017;
30000, 1000000, 100,1461693, 120060, 4895;
30000, 1000000, 100,1461693, 120060, 4804;
30000, 1000000, 100,1461693, 120060, 4811;
30000, 1000000, 100,1461693, 120060, 5001;
30000, 1000000, 100,1461693, 120060, 5168;
30000, 1000000, 100,1461693, 120060, 5214;
30000, 1000000, 100,1461693, 120060, 4797;
30000, 1000000, 100,1461693, 120060, 4797;
30000, 1000000, 100,1461693, 120060, 5134;
30000, 1000000, 100,1461693, 120060, 5150;
30000, 100000000, 0,1461693, 120060, 4900;
30000, 100000000, 0,1461693, 120060, 4797;
30000, 100000000, 0,1461693, 120060, 4682;
30000, 100000000, 0,1461693, 120060, 4725;
30000, 100000000, 0,1461693, 120060, 4923;
30000, 100000000, 0,1461693, 120060, 4831;
30000, 100000000, 0,1461693, 120060, 4683;
30000, 100000000, 0,1461693, 120060, 4686;
30000, 100000000, 0,1461693, 120060, 4688;
30000, 100000000, 0,1461693, 120060, 4861;
30000, 100000000, 25,1461693, 120060, 5387;
30000, 100000000, 25,1461693, 120060, 4952;
30000, 100000000, 25,1461693, 120060, 5189;
30000, 100000000, 25,1461693, 120060, 4874;
30000, 100000000, 25,1461693, 120060, 6739;
30000, 100000000, 25,1461693, 120060, 5223;
30000, 100000000, 25,1461693, 120060, 5213;
30000, 100000000, 25,1461693, 120060, 5200;
30000, 100000000, 25,1461693, 120060, 5250;
30000, 100000000, 25,1461693, 120060, 5225;
30000, 100000000, 50,1461693, 120060, 5377;
30000, 100000000, 50,1461693, 120060, 5005;
30000, 100000000, 50,1461693, 120060, 5009;
30000, 100000000, 50,1461693, 120060, 6288;
30000, 100000000, 50,1461693, 120060, 5013;
30000, 100000000, 50,1461693, 120060, 5002;
30000, 100000000, 50,1461693, 120060, 5121;
30000, 100000000, 50,1461693, 120060, 5163;
30000, 100000000, 50,1461693, 120060, 5021;
30000, 100000000, 50,1461693, 120060, 5334;
30000, 100000000, 75,1461693, 120060, 5002;
30000, 100000000, 75,1461693, 120060, 4980;
30000, 100000000, 75,1461693, 120060, 4969;
30000, 100000000, 75,1461693, 120060, 5415;
30000, 100000000, 75,1461693, 120060, 5356;
30000, 100000000, 75,1461693, 120060, 5357;
30000, 100000000, 75,1461693, 120060, 5296;
30000, 100000000, 75,1461693, 120060, 4981;
30000, 100000000, 75,1461693, 120060, 5030;
30000, 100000000, 75,1461693, 120060, 5039;
30000, 100000000, 100,1461693, 120060, 5222;
30000, 100000000, 100,1461693, 120060, 4925;
30000, 100000000, 100,1461693, 120060, 4801;
30000, 100000000, 100,1461693, 120060, 4826;
30000, 100000000, 100,1461693, 120060, 4803;
30000, 100000000, 100,1461693, 120060, 4816;
30000, 100000000, 100,1461693, 120060, 5035;
30000, 100000000, 100,1461693, 120060, 4824;
30000, 100000000, 100,1461693, 120060, 5131;
30000, 100000000, 100,1461693, 120060, 5223;
40000, 100, 0,2003389, 160060, 7360;
40000, 100, 0,2003389, 160060, 8337;
40000, 100, 0,2003389, 160060, 6808;
40000, 100, 0,2003389, 160060, 6380;
40000, 100, 0,2003389, 160060, 6394;
40000, 100, 0,2003389, 160060, 6370;
40000, 100, 0,2003389, 160060, 6381;
40000, 100, 0,2003389, 160060, 6430;
40000, 100, 0,2003389, 160060, 6390;
40000, 100, 0,2003389, 160060, 6373;
40000, 100, 25,2003389, 160060, 7073;
40000, 100, 25,2003389, 160060, 6992;
40000, 100, 25,2003389, 160060, 6768;
40000, 100, 25,2003389, 160060, 6754;
40000, 100, 25,2003389, 160060, 6693;
40000, 100, 25,2003389, 160060, 7760;
40000, 100, 25,2003389, 160060, 6865;
40000, 100, 25,2003389, 160060, 6718;
40000, 100, 25,2003389, 160060, 7646;
40000, 100, 25,2003389, 160060, 7448;
40000, 100, 50,2003389, 160060, 7045;
40000, 100, 50,2003389, 160060, 6919;
40000, 100, 50,2003389, 160060, 7172;
40000, 100, 50,2003389, 160060, 6730;
40000, 100, 50,2003389, 160060, 7142;
40000, 100, 50,2003389, 160060, 6743;
40000, 100, 50,2003389, 160060, 6799;
40000, 100, 50,2003389, 160060, 7245;
40000, 100, 50,2003389, 160060, 7131;
40000, 100, 50,2003389, 160060, 6681;
40000, 100, 75,2003389, 160060, 8029;
40000, 100, 75,2003389, 160060, 9762;
40000, 100, 75,2003389, 160060, 7915;
40000, 100, 75,2003389, 160060, 6927;
40000, 100, 75,2003389, 160060, 6876;
40000, 100, 75,2003389, 160060, 7028;
40000, 100, 75,2003389, 160060, 7197;
40000, 100, 75,2003389, 160060, 6990;
40000, 100, 75,2003389, 160060, 6858;
40000, 100, 75,2003389, 160060, 6780;
40000, 100, 100,2003389, 160060, 6387;
40000, 100, 100,2003389, 160060, 6434;
40000, 100, 100,2003389, 160060, 6420;
40000, 100, 100,2003389, 160060, 6825;
40000, 100, 100,2003389, 160060, 6418;
40000, 100, 100,2003389, 160060, 6395;
40000, 100, 100,2003389, 160060, 6424;
40000, 100, 100,2003389, 160060, 6884;
40000, 100, 100,2003389, 160060, 6565;
40000, 100, 100,2003389, 160060, 6748;
40000, 10000, 0,2003389, 160060, 6520;
40000, 10000, 0,2003389, 160060, 6676;
40000, 10000, 0,2003389, 160060, 6792;
40000, 10000, 0,2003389, 160060, 6368;
40000, 10000, 0,2003389, 160060, 6385;
40000, 10000, 0,2003389, 160060, 6391;
40000, 10000, 0,2003389, 160060, 6367;
40000, 10000, 0,2003389, 160060, 6369;
40000, 10000, 0,2003389, 160060, 6991;
40000, 10000, 0,2003389, 160060, 6923;
40000, 10000, 25,2003389, 160060, 8949;
40000, 10000, 25,2003389, 160060, 10091;
40000, 10000, 25,2003389, 160060, 7097;
40000, 10000, 25,2003389, 160060, 6790;
40000, 10000, 25,2003389, 160060, 6633;
40000, 10000, 25,2003389, 160060, 6618;
40000, 10000, 25,2003389, 160060, 7657;
40000, 10000, 25,2003389, 160060, 7158;
40000, 10000, 25,2003389, 160060, 7092;
40000, 10000, 25,2003389, 160060, 7255;
40000, 10000, 50,2003389, 160060, 7277;
40000, 10000, 50,2003389, 160060, 6874;
40000, 10000, 50,2003389, 160060, 6860;
40000, 10000, 50,2003389, 160060, 9405;
40000, 10000, 50,2003389, 160060, 6901;
40000, 10000, 50,2003389, 160060, 6964;
40000, 10000, 50,2003389, 160060, 7023;
40000, 10000, 50,2003389, 160060, 6842;
40000, 10000, 50,2003389, 160060, 6813;
40000, 10000, 50,2003389, 160060, 7284;
40000, 10000, 75,2003389, 160060, 6822;
40000, 10000, 75,2003389, 160060, 7422;
40000, 10000, 75,2003389, 160060, 7047;
40000, 10000, 75,2003389, 160060, 7297;
40000, 10000, 75,2003389, 160060, 9521;
40000, 10000, 75,2003389, 160060, 7292;
40000, 10000, 75,2003389, 160060, 7560;
40000, 10000, 75,2003389, 160060, 7658;
40000, 10000, 75,2003389, 160060, 7289;
40000, 10000, 75,2003389, 160060, 11561;
40000, 10000, 100,2003389, 160060, 9670;
40000, 10000, 100,2003389, 160060, 7029;
40000, 10000, 100,2003389, 160060, 7080;
40000, 10000, 100,2003389, 160060, 7049;
40000, 10000, 100,2003389, 160060, 7110;
40000, 10000, 100,2003389, 160060, 7017;
40000, 10000, 100,2003389, 160060, 6589;
40000, 10000, 100,2003389, 160060, 6588;
40000, 10000, 100,2003389, 160060, 7034;
40000, 10000, 100,2003389, 160060, 7931;
40000, 1000000, 0,2003389, 160060, 7780;
40000, 1000000, 0,2003389, 160060, 6589;
40000, 1000000, 0,2003389, 160060, 6809;
40000, 1000000, 0,2003389, 160060, 6833;
40000, 1000000, 0,2003389, 160060, 6983;
40000, 1000000, 0,2003389, 160060, 6430;
40000, 1000000, 0,2003389, 160060, 6404;
40000, 1000000, 0,2003389, 160060, 6793;
40000, 1000000, 0,2003389, 160060, 6805;
40000, 1000000, 0,2003389, 160060, 6424;
40000, 1000000, 25,2003389, 160060, 6766;
40000, 1000000, 25,2003389, 160060, 6653;
40000, 1000000, 25,2003389, 160060, 6679;
40000, 1000000, 25,2003389, 160060, 7229;
40000, 1000000, 25,2003389, 160060, 7227;
40000, 1000000, 25,2003389, 160060, 6604;
40000, 1000000, 25,2003389, 160060, 7035;
40000, 1000000, 25,2003389, 160060, 7724;
40000, 1000000, 25,2003389, 160060, 11586;
40000, 1000000, 25,2003389, 160060, 7114;
40000, 1000000, 50,2003389, 160060, 7264;
40000, 1000000, 50,2003389, 160060, 7012;
40000, 1000000, 50,2003389, 160060, 6859;
40000, 1000000, 50,2003389, 160060, 6964;
40000, 1000000, 50,2003389, 160060, 6776;
40000, 1000000, 50,2003389, 160060, 6786;
40000, 1000000, 50,2003389, 160060, 6786;
40000, 1000000, 50,2003389, 160060, 6807;
40000, 1000000, 50,2003389, 160060, 6776;
40000, 1000000, 50,2003389, 160060, 6786;
40000, 1000000, 75,2003389, 160060, 7397;
40000, 1000000, 75,2003389, 160060, 6896;
40000, 1000000, 75,2003389, 160060, 6910;
40000, 1000000, 75,2003389, 160060, 6783;
40000, 1000000, 75,2003389, 160060, 6841;
40000, 1000000, 75,2003389, 160060, 7347;
40000, 1000000, 75,2003389, 160060, 7215;
40000, 1000000, 75,2003389, 160060, 7333;
40000, 1000000, 75,2003389, 160060, 7105;
40000, 1000000, 75,2003389, 160060, 6995;
40000, 1000000, 100,2003389, 160060, 6823;
40000, 1000000, 100,2003389, 160060, 6733;
40000, 1000000, 100,2003389, 160060, 6581;
40000, 1000000, 100,2003389, 160060, 7359;
40000, 1000000, 100,2003389, 160060, 7024;
40000, 1000000, 100,2003389, 160060, 7864;
40000, 1000000, 100,2003389, 160060, 8592;
40000, 1000000, 100,2003389, 160060, 7200;
40000, 1000000, 100,2003389, 160060, 7783;
40000, 1000000, 100,2003389, 160060, 7000;
40000, 100000000, 0,2003389, 160060, 7045;
40000, 100000000, 0,2003389, 160060, 6415;
40000, 100000000, 0,2003389, 160060, 7024;
40000, 100000000, 0,2003389, 160060, 6786;
40000, 100000000, 0,2003389, 160060, 6565;
40000, 100000000, 0,2003389, 160060, 6800;
40000, 100000000, 0,2003389, 160060, 6364;
40000, 100000000, 0,2003389, 160060, 7939;
40000, 100000000, 0,2003389, 160060, 6496;
40000, 100000000, 0,2003389, 160060, 6857;
40000, 100000000, 25,2003389, 160060, 6639;
40000, 100000000, 25,2003389, 160060, 7049;
40000, 100000000, 25,2003389, 160060, 6602;
40000, 100000000, 25,2003389, 160060, 7049;
40000, 100000000, 25,2003389, 160060, 6602;
40000, 100000000, 25,2003389, 160060, 6656;
40000, 100000000, 25,2003389, 160060, 7397;
40000, 100000000, 25,2003389, 160060, 8204;
40000, 100000000, 25,2003389, 160060, 7321;
40000, 100000000, 25,2003389, 160060, 7049;
40000, 100000000, 50,2003389, 160060, 7004;
40000, 100000000, 50,2003389, 160060, 7051;
40000, 100000000, 50,2003389, 160060, 7566;
40000, 100000000, 50,2003389, 160060, 6940;
40000, 100000000, 50,2003389, 160060, 8372;
40000, 100000000, 50,2003389, 160060, 8319;
40000, 100000000, 50,2003389, 160060, 6782;
40000, 100000000, 50,2003389, 160060, 7246;
40000, 100000000, 50,2003389, 160060, 7242;
40000, 100000000, 50,2003389, 160060, 6841;
40000, 100000000, 75,2003389, 160060, 6914;
40000, 100000000, 75,2003389, 160060, 6865;
40000, 100000000, 75,2003389, 160060, 6890;
40000, 100000000, 75,2003389, 160060, 6764;
40000, 100000000, 75,2003389, 160060, 7464;
40000, 100000000, 75,2003389, 160060, 7626;
40000, 100000000, 75,2003389, 160060, 6779;
40000, 100000000, 75,2003389, 160060, 7199;
40000, 100000000, 75,2003389, 160060, 7267;
40000, 100000000, 75,2003389, 160060, 6861;
40000, 100000000, 100,2003389, 160060, 7006;
40000, 100000000, 100,2003389, 160060, 6650;
40000, 100000000, 100,2003389, 160060, 6588;
40000, 100000000, 100,2003389, 160060, 6725;
40000, 100000000, 100,2003389, 160060, 7049;
40000, 100000000, 100,2003389, 160060, 6654;
40000, 100000000, 100,2003389, 160060, 7078;
40000, 100000000, 100,2003389, 160060, 6631;
40000, 100000000, 100,2003389, 160060, 7005;
40000, 100000000, 100,2003389, 160060, 6560;
50000, 100, 0,2553389, 200060, 9174;
50000, 100, 0,2553389, 200060, 9278;
50000, 100, 0,2553389, 200060, 10909;
50000, 100, 0,2553389, 200060, 12152;
50000, 100, 0,2553389, 200060, 8592;
50000, 100, 0,2553389, 200060, 8539;
50000, 100, 0,2553389, 200060, 10463;
50000, 100, 0,2553389, 200060, 8594;
50000, 100, 0,2553389, 200060, 8682;
50000, 100, 0,2553389, 200060, 8646;
50000, 100, 25,2553389, 200060, 8916;
50000, 100, 25,2553389, 200060, 9145;
50000, 100, 25,2553389, 200060, 8438;
50000, 100, 25,2553389, 200060, 8933;
50000, 100, 25,2553389, 200060, 8990;
50000, 100, 25,2553389, 200060, 8883;
50000, 100, 25,2553389, 200060, 8357;
50000, 100, 25,2553389, 200060, 8357;
50000, 100, 25,2553389, 200060, 8584;
50000, 100, 25,2553389, 200060, 8438;
50000, 100, 50,2553389, 200060, 8804;
50000, 100, 50,2553389, 200060, 8875;
50000, 100, 50,2553389, 200060, 9009;
50000, 100, 50,2553389, 200060, 8895;
50000, 100, 50,2553389, 200060, 8881;
50000, 100, 50,2553389, 200060, 9627;
50000, 100, 50,2553389, 200060, 8780;
50000, 100, 50,2553389, 200060, 15381;
50000, 100, 50,2553389, 200060, 9041;
50000, 100, 50,2553389, 200060, 8476;
50000, 100, 75,2553389, 200060, 8708;
50000, 100, 75,2553389, 200060, 8922;
50000, 100, 75,2553389, 200060, 8909;
50000, 100, 75,2553389, 200060, 9085;
50000, 100, 75,2553389, 200060, 8395;
50000, 100, 75,2553389, 200060, 8945;
50000, 100, 75,2553389, 200060, 8740;
50000, 100, 75,2553389, 200060, 9032;
50000, 100, 75,2553389, 200060, 8449;
50000, 100, 75,2553389, 200060, 8550;
50000, 100, 100,2553389, 200060, 8611;
50000, 100, 100,2553389, 200060, 8133;
50000, 100, 100,2553389, 200060, 8274;
50000, 100, 100,2553389, 200060, 8109;
50000, 100, 100,2553389, 200060, 8700;
50000, 100, 100,2553389, 200060, 8701;
50000, 100, 100,2553389, 200060, 8309;
50000, 100, 100,2553389, 200060, 8071;
50000, 100, 100,2553389, 200060, 16942;
50000, 100, 100,2553389, 200060, 8750;
50000, 10000, 0,2553389, 200060, 9132;
50000, 10000, 0,2553389, 200060, 11234;
50000, 10000, 0,2553389, 200060, 8777;
50000, 10000, 0,2553389, 200060, 8655;
50000, 10000, 0,2553389, 200060, 8081;
50000, 10000, 0,2553389, 200060, 8586;
50000, 10000, 0,2553389, 200060, 8567;
50000, 10000, 0,2553389, 200060, 8638;
50000, 10000, 0,2553389, 200060, 8078;
50000, 10000, 0,2553389, 200060, 8569;
50000, 10000, 25,2553389, 200060, 9460;
50000, 10000, 25,2553389, 200060, 8963;
50000, 10000, 25,2553389, 200060, 8776;
50000, 10000, 25,2553389, 200060, 8408;
50000, 10000, 25,2553389, 200060, 8949;
50000, 10000, 25,2553389, 200060, 8442;
50000, 10000, 25,2553389, 200060, 8967;
50000, 10000, 25,2553389, 200060, 8547;
50000, 10000, 25,2553389, 200060, 8971;
50000, 10000, 25,2553389, 200060, 8423;
50000, 10000, 50,2553389, 200060, 8682;
50000, 10000, 50,2553389, 200060, 8789;
50000, 10000, 50,2553389, 200060, 9222;
50000, 10000, 50,2553389, 200060, 9182;
50000, 10000, 50,2553389, 200060, 18668;
50000, 10000, 50,2553389, 200060, 9012;
50000, 10000, 50,2553389, 200060, 9081;
50000, 10000, 50,2553389, 200060, 8780;
50000, 10000, 50,2553389, 200060, 8618;
50000, 10000, 50,2553389, 200060, 8650;
50000, 10000, 75,2553389, 200060, 8630;
50000, 10000, 75,2553389, 200060, 8792;
50000, 10000, 75,2553389, 200060, 8763;
50000, 10000, 75,2553389, 200060, 9223;
50000, 10000, 75,2553389, 200060, 9038;
50000, 10000, 75,2553389, 200060, 8612;
50000, 10000, 75,2553389, 200060, 8994;
50000, 10000, 75,2553389, 200060, 9048;
50000, 10000, 75,2553389, 200060, 8822;
50000, 10000, 75,2553389, 200060, 8766;
50000, 10000, 100,2553389, 200060, 8587;
50000, 10000, 100,2553389, 200060, 8451;
50000, 10000, 100,2553389, 200060, 8331;
50000, 10000, 100,2553389, 200060, 8775;
50000, 10000, 100,2553389, 200060, 8860;
50000, 10000, 100,2553389, 200060, 8930;
50000, 10000, 100,2553389, 200060, 8867;
50000, 10000, 100,2553389, 200060, 13589;
50000, 10000, 100,2553389, 200060, 8902;
50000, 10000, 100,2553389, 200060, 10045;
50000, 1000000, 0,2553389, 200060, 8314;
50000, 1000000, 0,2553389, 200060, 8613;
50000, 1000000, 0,2553389, 200060, 8114;
50000, 1000000, 0,2553389, 200060, 8586;
50000, 1000000, 0,2553389, 200060, 8546;
50000, 1000000, 0,2553389, 200060, 8065;
50000, 1000000, 0,2553389, 200060, 8571;
50000, 1000000, 0,2553389, 200060, 8224;
50000, 1000000, 0,2553389, 200060, 8070;
50000, 1000000, 0,2553389, 200060, 8066;
50000, 1000000, 25,2553389, 200060, 8496;
50000, 1000000, 25,2553389, 200060, 9231;
50000, 1000000, 25,2553389, 200060, 8972;
50000, 1000000, 25,2553389, 200060, 9144;
50000, 1000000, 25,2553389, 200060, 9127;
50000, 1000000, 25,2553389, 200060, 8697;
50000, 1000000, 25,2553389, 200060, 8366;
50000, 1000000, 25,2553389, 200060, 8982;
50000, 1000000, 25,2553389, 200060, 8944;
50000, 1000000, 25,2553389, 200060, 9272;
50000, 1000000, 50,2553389, 200060, 8635;
50000, 1000000, 50,2553389, 200060, 8783;
50000, 1000000, 50,2553389, 200060, 8646;
50000, 1000000, 50,2553389, 200060, 8918;
50000, 1000000, 50,2553389, 200060, 9804;
50000, 1000000, 50,2553389, 200060, 9996;
50000, 1000000, 50,2553389, 200060, 9151;
50000, 1000000, 50,2553389, 200060, 8811;
50000, 1000000, 50,2553389, 200060, 9100;
50000, 1000000, 50,2553389, 200060, 9167;
50000, 1000000, 75,2553389, 200060, 8753;
50000, 1000000, 75,2553389, 200060, 8601;
50000, 1000000, 75,2553389, 200060, 8886;
50000, 1000000, 75,2553389, 200060, 8581;
50000, 1000000, 75,2553389, 200060, 8677;
50000, 1000000, 75,2553389, 200060, 8710;
50000, 1000000, 75,2553389, 200060, 8620;
50000, 1000000, 75,2553389, 200060, 9701;
50000, 1000000, 75,2553389, 200060, 9394;
50000, 1000000, 75,2553389, 200060, 9460;
50000, 1000000, 100,2553389, 200060, 11707;
50000, 1000000, 100,2553389, 200060, 8569;
50000, 1000000, 100,2553389, 200060, 9855;
50000, 1000000, 100,2553389, 200060, 8873;
50000, 1000000, 100,2553389, 200060, 9197;
50000, 1000000, 100,2553389, 200060, 8905;
50000, 1000000, 100,2553389, 200060, 8406;
50000, 1000000, 100,2553389, 200060, 8874;
50000, 1000000, 100,2553389, 200060, 8878;
50000, 1000000, 100,2553389, 200060, 8403;
50000, 100000000, 0,2553389, 200060, 8661;
50000, 100000000, 0,2553389, 200060, 8984;
50000, 100000000, 0,2553389, 200060, 8204;
50000, 100000000, 0,2553389, 200060, 8700;
50000, 100000000, 0,2553389, 200060, 8580;
50000, 100000000, 0,2553389, 200060, 8089;
50000, 100000000, 0,2553389, 200060, 9053;
50000, 100000000, 0,2553389, 200060, 8254;
50000, 100000000, 0,2553389, 200060, 8110;
50000, 100000000, 0,2553389, 200060, 8750;
50000, 100000000, 25,2553389, 200060, 8453;
50000, 100000000, 25,2553389, 200060, 8862;
50000, 100000000, 25,2553389, 200060, 8361;
50000, 100000000, 25,2553389, 200060, 9032;
50000, 100000000, 25,2553389, 200060, 8376;
50000, 100000000, 25,2553389, 200060, 15428;
50000, 100000000, 25,2553389, 200060, 9026;
50000, 100000000, 25,2553389, 200060, 8982;
50000, 100000000, 25,2553389, 200060, 8671;
50000, 100000000, 25,2553389, 200060, 8435;
50000, 100000000, 50,2553389, 200060, 8669;
50000, 100000000, 50,2553389, 200060, 8689;
50000, 100000000, 50,2553389, 200060, 8597;
50000, 100000000, 50,2553389, 200060, 8857;
50000, 100000000, 50,2553389, 200060, 9173;
50000, 100000000, 50,2553389, 200060, 8706;
50000, 100000000, 50,2553389, 200060, 9461;
50000, 100000000, 50,2553389, 200060, 8594;
50000, 100000000, 50,2553389, 200060, 9930;
50000, 100000000, 50,2553389, 200060, 8582;
50000, 100000000, 75,2553389, 200060, 9058;
50000, 100000000, 75,2553389, 200060, 8663;
50000, 100000000, 75,2553389, 200060, 8651;
50000, 100000000, 75,2553389, 200060, 9144;
50000, 100000000, 75,2553389, 200060, 8636;
50000, 100000000, 75,2553389, 200060, 9146;
50000, 100000000, 75,2553389, 200060, 9471;
50000, 100000000, 75,2553389, 200060, 9178;
50000, 100000000, 75,2553389, 200060, 10311;
50000, 100000000, 75,2553389, 200060, 15483;
50000, 100000000, 100,2553389, 200060, 8868;
50000, 100000000, 100,2553389, 200060, 8496;
50000, 100000000, 100,2553389, 200060, 8375;
50000, 100000000, 100,2553389, 200060, 8979;
50000, 100000000, 100,2553389, 200060, 8404;
50000, 100000000, 100,2553389, 200060, 8397;
50000, 100000000, 100,2553389, 200060, 8447;
50000, 100000000, 100,2553389, 200060, 8322;
50000, 100000000, 100,2553389, 200060, 8373;
50000, 100000000, 100,2553389, 200060, 8766;
60000, 100, 0,3103389, 240060, 9889;
60000, 100, 0,3103389, 240060, 9845;
60000, 100, 0,3103389, 240060, 9839;
60000, 100, 0,3103389, 240060, 10527;
60000, 100, 0,3103389, 240060, 12778;
60000, 100, 0,3103389, 240060, 9871;
60000, 100, 0,3103389, 240060, 9851;
60000, 100, 0,3103389, 240060, 10061;
60000, 100, 0,3103389, 240060, 13631;
60000, 100, 0,3103389, 240060, 10031;
60000, 100, 25,3103389, 240060, 12007;
60000, 100, 25,3103389, 240060, 11023;
60000, 100, 25,3103389, 240060, 10943;
60000, 100, 25,3103389, 240060, 10222;
60000, 100, 25,3103389, 240060, 10301;
60000, 100, 25,3103389, 240060, 10815;
60000, 100, 25,3103389, 240060, 10519;
60000, 100, 25,3103389, 240060, 10857;
60000, 100, 25,3103389, 240060, 10215;
60000, 100, 25,3103389, 240060, 10172;
60000, 100, 50,3103389, 240060, 10391;
60000, 100, 50,3103389, 240060, 11182;
60000, 100, 50,3103389, 240060, 10320;
60000, 100, 50,3103389, 240060, 11555;
60000, 100, 50,3103389, 240060, 10539;
60000, 100, 50,3103389, 240060, 10611;
60000, 100, 50,3103389, 240060, 10555;
60000, 100, 50,3103389, 240060, 10301;
60000, 100, 50,3103389, 240060, 13559;
60000, 100, 50,3103389, 240060, 11857;
60000, 100, 75,3103389, 240060, 12576;
60000, 100, 75,3103389, 240060, 10878;
60000, 100, 75,3103389, 240060, 10205;
60000, 100, 75,3103389, 240060, 10914;
60000, 100, 75,3103389, 240060, 10648;
60000, 100, 75,3103389, 240060, 10437;
60000, 100, 75,3103389, 240060, 10692;
60000, 100, 75,3103389, 240060, 10223;
60000, 100, 75,3103389, 240060, 10268;
60000, 100, 75,3103389, 240060, 10195;
60000, 100, 100,3103389, 240060, 10576;
60000, 100, 100,3103389, 240060, 10598;
60000, 100, 100,3103389, 240060, 9855;
60000, 100, 100,3103389, 240060, 10160;
60000, 100, 100,3103389, 240060, 10002;
60000, 100, 100,3103389, 240060, 9831;
60000, 100, 100,3103389, 240060, 10254;
60000, 100, 100,3103389, 240060, 9870;
60000, 100, 100,3103389, 240060, 10522;
60000, 100, 100,3103389, 240060, 9890;
60000, 10000, 0,3103389, 240060, 14488;
60000, 10000, 0,3103389, 240060, 10545;
60000, 10000, 0,3103389, 240060, 9814;
60000, 10000, 0,3103389, 240060, 9896;
60000, 10000, 0,3103389, 240060, 9871;
60000, 10000, 0,3103389, 240060, 10450;
60000, 10000, 0,3103389, 240060, 10776;
60000, 10000, 0,3103389, 240060, 10168;
60000, 10000, 0,3103389, 240060, 10299;
60000, 10000, 0,3103389, 240060, 10115;
60000, 10000, 25,3103389, 240060, 10976;
60000, 10000, 25,3103389, 240060, 10503;
60000, 10000, 25,3103389, 240060, 10338;
60000, 10000, 25,3103389, 240060, 13253;
60000, 10000, 25,3103389, 240060, 10264;
60000, 10000, 25,3103389, 240060, 10242;
60000, 10000, 25,3103389, 240060, 10307;
60000, 10000, 25,3103389, 240060, 10558;
60000, 10000, 25,3103389, 240060, 11544;
60000, 10000, 25,3103389, 240060, 10928;
60000, 10000, 50,3103389, 240060, 14499;
60000, 10000, 50,3103389, 240060, 11104;
60000, 10000, 50,3103389, 240060, 10654;
60000, 10000, 50,3103389, 240060, 10557;
60000, 10000, 50,3103389, 240060, 10488;
60000, 10000, 50,3103389, 240060, 11294;
60000, 10000, 50,3103389, 240060, 10594;
60000, 10000, 50,3103389, 240060, 10518;
60000, 10000, 50,3103389, 240060, 10516;
60000, 10000, 50,3103389, 240060, 11314;
60000, 10000, 75,3103389, 240060, 10617;
60000, 10000, 75,3103389, 240060, 10680;
60000, 10000, 75,3103389, 240060, 10504;
60000, 10000, 75,3103389, 240060, 11224;
60000, 10000, 75,3103389, 240060, 10605;
60000, 10000, 75,3103389, 240060, 11181;
60000, 10000, 75,3103389, 240060, 11464;
60000, 10000, 75,3103389, 240060, 14450;
60000, 10000, 75,3103389, 240060, 11240;
60000, 10000, 75,3103389, 240060, 14534;
60000, 10000, 100,3103389, 240060, 10195;
60000, 10000, 100,3103389, 240060, 10185;
60000, 10000, 100,3103389, 240060, 10290;
60000, 10000, 100,3103389, 240060, 10113;
60000, 10000, 100,3103389, 240060, 10298;
60000, 10000, 100,3103389, 240060, 10162;
60000, 10000, 100,3103389, 240060, 10102;
60000, 10000, 100,3103389, 240060, 12930;
60000, 10000, 100,3103389, 240060, 10251;
60000, 10000, 100,3103389, 240060, 10199;
60000, 1000000, 0,3103389, 240060, 10087;
60000, 1000000, 0,3103389, 240060, 9801;
60000, 1000000, 0,3103389, 240060, 10092;
60000, 1000000, 0,3103389, 240060, 10481;
60000, 1000000, 0,3103389, 240060, 9787;
60000, 1000000, 0,3103389, 240060, 9917;
60000, 1000000, 0,3103389, 240060, 10572;
60000, 1000000, 0,3103389, 240060, 10468;
60000, 1000000, 0,3103389, 240060, 15249;
60000, 1000000, 0,3103389, 240060, 10485;
60000, 1000000, 25,3103389, 240060, 11729;
60000, 1000000, 25,3103389, 240060, 10931;
60000, 1000000, 25,3103389, 240060, 10868;
60000, 1000000, 25,3103389, 240060, 10902;
60000, 1000000, 25,3103389, 240060, 10259;
60000, 1000000, 25,3103389, 240060, 10236;
60000, 1000000, 25,3103389, 240060, 11223;
60000, 1000000, 25,3103389, 240060, 10257;
60000, 1000000, 25,3103389, 240060, 10285;
60000, 1000000, 25,3103389, 240060, 10314;
60000, 1000000, 50,3103389, 240060, 10763;
60000, 1000000, 50,3103389, 240060, 11158;
60000, 1000000, 50,3103389, 240060, 11363;
60000, 1000000, 50,3103389, 240060, 10704;
60000, 1000000, 50,3103389, 240060, 10870;
60000, 1000000, 50,3103389, 240060, 12122;
60000, 1000000, 50,3103389, 240060, 11241;
60000, 1000000, 50,3103389, 240060, 13901;
60000, 1000000, 50,3103389, 240060, 11164;
60000, 1000000, 50,3103389, 240060, 11215;
60000, 1000000, 75,3103389, 240060, 10435;
60000, 1000000, 75,3103389, 240060, 13429;
60000, 1000000, 75,3103389, 240060, 11048;
60000, 1000000, 75,3103389, 240060, 10990;
60000, 1000000, 75,3103389, 240060, 10861;
60000, 1000000, 75,3103389, 240060, 11132;
60000, 1000000, 75,3103389, 240060, 10738;
60000, 1000000, 75,3103389, 240060, 10806;
60000, 1000000, 75,3103389, 240060, 10454;
60000, 1000000, 75,3103389, 240060, 11216;
60000, 1000000, 100,3103389, 240060, 10348;
60000, 1000000, 100,3103389, 240060, 10465;
60000, 1000000, 100,3103389, 240060, 10217;
60000, 1000000, 100,3103389, 240060, 10816;
60000, 1000000, 100,3103389, 240060, 15873;
60000, 1000000, 100,3103389, 240060, 10819;
60000, 1000000, 100,3103389, 240060, 14706;
60000, 1000000, 100,3103389, 240060, 10141;
60000, 1000000, 100,3103389, 240060, 10590;
60000, 1000000, 100,3103389, 240060, 10788;
60000, 100000000, 0,3103389, 240060, 9867;
60000, 100000000, 0,3103389, 240060, 9837;
60000, 100000000, 0,3103389, 240060, 10352;
60000, 100000000, 0,3103389, 240060, 10335;
60000, 100000000, 0,3103389, 240060, 10850;
60000, 100000000, 0,3103389, 240060, 10415;
60000, 100000000, 0,3103389, 240060, 10448;
60000, 100000000, 0,3103389, 240060, 10552;
60000, 100000000, 0,3103389, 240060, 9927;
60000, 100000000, 0,3103389, 240060, 10451;
60000, 100000000, 25,3103389, 240060, 10872;
60000, 100000000, 25,3103389, 240060, 10667;
60000, 100000000, 25,3103389, 240060, 10986;
60000, 100000000, 25,3103389, 240060, 10186;
60000, 100000000, 25,3103389, 240060, 13915;
60000, 100000000, 25,3103389, 240060, 19615;
60000, 100000000, 25,3103389, 240060, 10916;
60000, 100000000, 25,3103389, 240060, 10332;
60000, 100000000, 25,3103389, 240060, 10305;
60000, 100000000, 25,3103389, 240060, 10229;
60000, 100000000, 50,3103389, 240060, 11410;
60000, 100000000, 50,3103389, 240060, 10680;
60000, 100000000, 50,3103389, 240060, 11060;
60000, 100000000, 50,3103389, 240060, 10455;
60000, 100000000, 50,3103389, 240060, 10919;
60000, 100000000, 50,3103389, 240060, 11176;
60000, 100000000, 50,3103389, 240060, 11241;
60000, 100000000, 50,3103389, 240060, 10765;
60000, 100000000, 50,3103389, 240060, 11129;
60000, 100000000, 50,3103389, 240060, 10488;
60000, 100000000, 75,3103389, 240060, 10585;
60000, 100000000, 75,3103389, 240060, 10543;
60000, 100000000, 75,3103389, 240060, 14143;
60000, 100000000, 75,3103389, 240060, 10596;
60000, 100000000, 75,3103389, 240060, 16281;
60000, 100000000, 75,3103389, 240060, 12043;
60000, 100000000, 75,3103389, 240060, 11924;
60000, 100000000, 75,3103389, 240060, 11221;
60000, 100000000, 75,3103389, 240060, 10461;
60000, 100000000, 75,3103389, 240060, 10502;
60000, 100000000, 100,3103389, 240060, 10657;
60000, 100000000, 100,3103389, 240060, 10174;
60000, 100000000, 100,3103389, 240060, 10811;
60000, 100000000, 100,3103389, 240060, 10306;
60000, 100000000, 100,3103389, 240060, 10376;
60000, 100000000, 100,3103389, 240060, 10142;
60000, 100000000, 100,3103389, 240060, 10271;
60000, 100000000, 100,3103389, 240060, 10690;
60000, 100000000, 100,3103389, 240060, 10966;
60000, 100000000, 100,3103389, 240060, 10162;
70000, 100, 0,3666781, 280060, 12440;
70000, 100, 0,3666781, 280060, 12477;
70000, 100, 0,3666781, 280060, 12347;
70000, 100, 0,3666781, 280060, 17998;
70000, 100, 0,3666781, 280060, 11753;
70000, 100, 0,3666781, 280060, 12326;
70000, 100, 0,3666781, 280060, 11879;
70000, 100, 0,3666781, 280060, 15073;
70000, 100, 0,3666781, 280060, 12093;
70000, 100, 0,3666781, 280060, 11676;
70000, 100, 25,3666781, 280060, 12372;
70000, 100, 25,3666781, 280060, 12184;
70000, 100, 25,3666781, 280060, 12019;
70000, 100, 25,3666781, 280060, 12085;
70000, 100, 25,3666781, 280060, 12579;
70000, 100, 25,3666781, 280060, 12100;
70000, 100, 25,3666781, 280060, 12085;
70000, 100, 25,3666781, 280060, 12803;
70000, 100, 25,3666781, 280060, 14536;
70000, 100, 25,3666781, 280060, 12026;
70000, 100, 50,3666781, 280060, 15701;
70000, 100, 50,3666781, 280060, 12623;
70000, 100, 50,3666781, 280060, 12231;
70000, 100, 50,3666781, 280060, 12841;
70000, 100, 50,3666781, 280060, 12176;
70000, 100, 50,3666781, 280060, 12136;
70000, 100, 50,3666781, 280060, 12310;
70000, 100, 50,3666781, 280060, 12941;
70000, 100, 50,3666781, 280060, 13031;
70000, 100, 50,3666781, 280060, 12357;
70000, 100, 75,3666781, 280060, 12027;
70000, 100, 75,3666781, 280060, 12288;
70000, 100, 75,3666781, 280060, 12164;
70000, 100, 75,3666781, 280060, 12050;
70000, 100, 75,3666781, 280060, 12021;
70000, 100, 75,3666781, 280060, 12248;
70000, 100, 75,3666781, 280060, 13416;
70000, 100, 75,3666781, 280060, 13098;
70000, 100, 75,3666781, 280060, 17008;
70000, 100, 75,3666781, 280060, 12986;
70000, 100, 100,3666781, 280060, 11897;
70000, 100, 100,3666781, 280060, 12308;
70000, 100, 100,3666781, 280060, 11710;
70000, 100, 100,3666781, 280060, 12393;
70000, 100, 100,3666781, 280060, 11763;
70000, 100, 100,3666781, 280060, 11782;
70000, 100, 100,3666781, 280060, 11646;
70000, 100, 100,3666781, 280060, 13091;
70000, 100, 100,3666781, 280060, 12395;
70000, 100, 100,3666781, 280060, 11986;
70000, 10000, 0,3666781, 280060, 12012;
70000, 10000, 0,3666781, 280060, 11880;
70000, 10000, 0,3666781, 280060, 12904;
70000, 10000, 0,3666781, 280060, 12621;
70000, 10000, 0,3666781, 280060, 16044;
70000, 10000, 0,3666781, 280060, 11650;
70000, 10000, 0,3666781, 280060, 13998;
70000, 10000, 0,3666781, 280060, 13421;
70000, 10000, 0,3666781, 280060, 11611;
70000, 10000, 0,3666781, 280060, 11623;
70000, 10000, 25,3666781, 280060, 12429;
70000, 10000, 25,3666781, 280060, 12434;
70000, 10000, 25,3666781, 280060, 13488;
70000, 10000, 25,3666781, 280060, 12434;
70000, 10000, 25,3666781, 280060, 12164;
70000, 10000, 25,3666781, 280060, 12874;
70000, 10000, 25,3666781, 280060, 12603;
70000, 10000, 25,3666781, 280060, 13429;
70000, 10000, 25,3666781, 280060, 12609;
70000, 10000, 25,3666781, 280060, 13032;
70000, 10000, 50,3666781, 280060, 17177;
70000, 10000, 50,3666781, 280060, 13440;
70000, 10000, 50,3666781, 280060, 13195;
70000, 10000, 50,3666781, 280060, 13011;
70000, 10000, 50,3666781, 280060, 12410;
70000, 10000, 50,3666781, 280060, 12638;
70000, 10000, 50,3666781, 280060, 12533;
70000, 10000, 50,3666781, 280060, 12369;
70000, 10000, 50,3666781, 280060, 12433;
70000, 10000, 50,3666781, 280060, 12381;
70000, 10000, 75,3666781, 280060, 13272;
70000, 10000, 75,3666781, 280060, 12630;
70000, 10000, 75,3666781, 280060, 12653;
70000, 10000, 75,3666781, 280060, 12630;
70000, 10000, 75,3666781, 280060, 12728;
70000, 10000, 75,3666781, 280060, 14128;
70000, 10000, 75,3666781, 280060, 13224;
70000, 10000, 75,3666781, 280060, 14280;
70000, 10000, 75,3666781, 280060, 12480;
70000, 10000, 75,3666781, 280060, 12863;
70000, 10000, 100,3666781, 280060, 11943;
70000, 10000, 100,3666781, 280060, 11921;
70000, 10000, 100,3666781, 280060, 12067;
70000, 10000, 100,3666781, 280060, 12647;
70000, 10000, 100,3666781, 280060, 11880;
70000, 10000, 100,3666781, 280060, 12027;
70000, 10000, 100,3666781, 280060, 11927;
70000, 10000, 100,3666781, 280060, 12777;
70000, 10000, 100,3666781, 280060, 11912;
70000, 10000, 100,3666781, 280060, 11919;
70000, 1000000, 0,3666781, 280060, 12381;
70000, 1000000, 0,3666781, 280060, 12573;
70000, 1000000, 0,3666781, 280060, 12819;
70000, 1000000, 0,3666781, 280060, 13810;
70000, 1000000, 0,3666781, 280060, 11593;
70000, 1000000, 0,3666781, 280060, 12894;
70000, 1000000, 0,3666781, 280060, 12582;
70000, 1000000, 0,3666781, 280060, 11675;
70000, 1000000, 0,3666781, 280060, 12302;
70000, 1000000, 0,3666781, 280060, 11813;
70000, 1000000, 25,3666781, 280060, 12054;
70000, 1000000, 25,3666781, 280060, 12210;
70000, 1000000, 25,3666781, 280060, 12396;
70000, 1000000, 25,3666781, 280060, 12145;
70000, 1000000, 25,3666781, 280060, 12414;
70000, 1000000, 25,3666781, 280060, 14818;
70000, 1000000, 25,3666781, 280060, 12359;
70000, 1000000, 25,3666781, 280060, 17758;
70000, 1000000, 25,3666781, 280060, 13546;
70000, 1000000, 25,3666781, 280060, 16904;
70000, 1000000, 50,3666781, 280060, 12728;
70000, 1000000, 50,3666781, 280060, 12611;
70000, 1000000, 50,3666781, 280060, 12595;
70000, 1000000, 50,3666781, 280060, 12884;
70000, 1000000, 50,3666781, 280060, 14960;
70000, 1000000, 50,3666781, 280060, 12358;
70000, 1000000, 50,3666781, 280060, 12688;
70000, 1000000, 50,3666781, 280060, 12421;
70000, 1000000, 50,3666781, 280060, 12817;
70000, 1000000, 50,3666781, 280060, 12734;
70000, 1000000, 75,3666781, 280060, 12477;
70000, 1000000, 75,3666781, 280060, 12409;
70000, 1000000, 75,3666781, 280060, 13179;
70000, 1000000, 75,3666781, 280060, 12324;
70000, 1000000, 75,3666781, 280060, 14522;
70000, 1000000, 75,3666781, 280060, 16994;
70000, 1000000, 75,3666781, 280060, 13162;
70000, 1000000, 75,3666781, 280060, 13074;
70000, 1000000, 75,3666781, 280060, 12389;
70000, 1000000, 75,3666781, 280060, 13115;
70000, 1000000, 100,3666781, 280060, 12372;
70000, 1000000, 100,3666781, 280060, 12214;
70000, 1000000, 100,3666781, 280060, 12486;
70000, 1000000, 100,3666781, 280060, 12534;
70000, 1000000, 100,3666781, 280060, 12424;
70000, 1000000, 100,3666781, 280060, 13344;
70000, 1000000, 100,3666781, 280060, 12722;
70000, 1000000, 100,3666781, 280060, 12137;
70000, 1000000, 100,3666781, 280060, 12011;
70000, 1000000, 100,3666781, 280060, 12956;
70000, 100000000, 0,3666781, 280060, 12243;
70000, 100000000, 0,3666781, 280060, 12336;
70000, 100000000, 0,3666781, 280060, 16734;
70000, 100000000, 0,3666781, 280060, 12331;
70000, 100000000, 0,3666781, 280060, 11856;
70000, 100000000, 0,3666781, 280060, 12145;
70000, 100000000, 0,3666781, 280060, 11670;
70000, 100000000, 0,3666781, 280060, 12325;
70000, 100000000, 0,3666781, 280060, 11556;
70000, 100000000, 0,3666781, 280060, 11534;
70000, 100000000, 25,3666781, 280060, 12054;
70000, 100000000, 25,3666781, 280060, 12210;
70000, 100000000, 25,3666781, 280060, 12077;
70000, 100000000, 25,3666781, 280060, 12013;
70000, 100000000, 25,3666781, 280060, 12220;
70000, 100000000, 25,3666781, 280060, 12302;
70000, 100000000, 25,3666781, 280060, 13225;
70000, 100000000, 25,3666781, 280060, 12606;
70000, 100000000, 25,3666781, 280060, 16155;
70000, 100000000, 25,3666781, 280060, 12515;
70000, 100000000, 50,3666781, 280060, 13138;
70000, 100000000, 50,3666781, 280060, 12947;
70000, 100000000, 50,3666781, 280060, 12450;
70000, 100000000, 50,3666781, 280060, 13236;
70000, 100000000, 50,3666781, 280060, 12355;
70000, 100000000, 50,3666781, 280060, 12610;
70000, 100000000, 50,3666781, 280060, 12971;
70000, 100000000, 50,3666781, 280060, 12386;
70000, 100000000, 50,3666781, 280060, 12482;
70000, 100000000, 50,3666781, 280060, 12363;
70000, 100000000, 75,3666781, 280060, 12526;
70000, 100000000, 75,3666781, 280060, 13151;
70000, 100000000, 75,3666781, 280060, 12370;
70000, 100000000, 75,3666781, 280060, 15790;
70000, 100000000, 75,3666781, 280060, 13440;
70000, 100000000, 75,3666781, 280060, 17430;
70000, 100000000, 75,3666781, 280060, 13285;
70000, 100000000, 75,3666781, 280060, 12334;
70000, 100000000, 75,3666781, 280060, 12484;
70000, 100000000, 75,3666781, 280060, 12328;
70000, 100000000, 100,3666781, 280060, 12231;
70000, 100000000, 100,3666781, 280060, 12771;
70000, 100000000, 100,3666781, 280060, 11982;
70000, 100000000, 100,3666781, 280060, 12146;
70000, 100000000, 100,3666781, 280060, 12800;
70000, 100000000, 100,3666781, 280060, 12051;
70000, 100000000, 100,3666781, 280060, 12688;
70000, 100000000, 100,3666781, 280060, 12176;
70000, 100000000, 100,3666781, 280060, 13271;
70000, 100000000, 100,3666781, 280060, 12752;
80000, 100, 0,4246781, 320060, 16031;
80000, 100, 0,4246781, 320060, 14229;
80000, 100, 0,4246781, 320060, 14478;
80000, 100, 0,4246781, 320060, 32704;
80000, 100, 0,4246781, 320060, 13971;
80000, 100, 0,4246781, 320060, 13479;
80000, 100, 0,4246781, 320060, 13776;
80000, 100, 0,4246781, 320060, 13897;
80000, 100, 0,4246781, 320060, 14413;
80000, 100, 0,4246781, 320060, 19164;
80000, 100, 25,4246781, 320060, 14521;
80000, 100, 25,4246781, 320060, 14002;
80000, 100, 25,4246781, 320060, 14685;
80000, 100, 25,4246781, 320060, 14272;
80000, 100, 25,4246781, 320060, 14379;
80000, 100, 25,4246781, 320060, 14304;
80000, 100, 25,4246781, 320060, 14100;
80000, 100, 25,4246781, 320060, 14721;
80000, 100, 25,4246781, 320060, 14501;
80000, 100, 25,4246781, 320060, 14206;
80000, 100, 50,4246781, 320060, 14914;
80000, 100, 50,4246781, 320060, 14605;
80000, 100, 50,4246781, 320060, 14277;
80000, 100, 50,4246781, 320060, 15268;
80000, 100, 50,4246781, 320060, 18011;
80000, 100, 50,4246781, 320060, 15978;
80000, 100, 50,4246781, 320060, 15286;
80000, 100, 50,4246781, 320060, 14254;
80000, 100, 50,4246781, 320060, 14139;
80000, 100, 50,4246781, 320060, 14405;
80000, 100, 75,4246781, 320060, 14723;
80000, 100, 75,4246781, 320060, 15284;
80000, 100, 75,4246781, 320060, 14719;
80000, 100, 75,4246781, 320060, 14949;
80000, 100, 75,4246781, 320060, 14363;
80000, 100, 75,4246781, 320060, 14159;
80000, 100, 75,4246781, 320060, 14480;
80000, 100, 75,4246781, 320060, 16543;
80000, 100, 75,4246781, 320060, 15566;
80000, 100, 75,4246781, 320060, 17865;
80000, 100, 100,4246781, 320060, 14424;
80000, 100, 100,4246781, 320060, 14226;
80000, 100, 100,4246781, 320060, 14036;
80000, 100, 100,4246781, 320060, 13615;
80000, 100, 100,4246781, 320060, 14103;
80000, 100, 100,4246781, 320060, 14829;
80000, 100, 100,4246781, 320060, 14134;
80000, 100, 100,4246781, 320060, 13681;
80000, 100, 100,4246781, 320060, 13841;
80000, 100, 100,4246781, 320060, 13946;
80000, 10000, 0,4246781, 320060, 13397;
80000, 10000, 0,4246781, 320060, 13605;
80000, 10000, 0,4246781, 320060, 13787;
80000, 10000, 0,4246781, 320060, 15251;
80000, 10000, 0,4246781, 320060, 14197;
80000, 10000, 0,4246781, 320060, 16892;
80000, 10000, 0,4246781, 320060, 14250;
80000, 10000, 0,4246781, 320060, 14335;
80000, 10000, 0,4246781, 320060, 14226;
80000, 10000, 0,4246781, 320060, 13631;
80000, 10000, 25,4246781, 320060, 14502;
80000, 10000, 25,4246781, 320060, 14743;
80000, 10000, 25,4246781, 320060, 13980;
80000, 10000, 25,4246781, 320060, 14382;
80000, 10000, 25,4246781, 320060, 14226;
80000, 10000, 25,4246781, 320060, 15016;
80000, 10000, 25,4246781, 320060, 13965;
80000, 10000, 25,4246781, 320060, 17250;
80000, 10000, 25,4246781, 320060, 16864;
80000, 10000, 25,4246781, 320060, 14774;
80000, 10000, 50,4246781, 320060, 15261;
80000, 10000, 50,4246781, 320060, 14515;
80000, 10000, 50,4246781, 320060, 14395;
80000, 10000, 50,4246781, 320060, 16358;
80000, 10000, 50,4246781, 320060, 14301;
80000, 10000, 50,4246781, 320060, 14392;
80000, 10000, 50,4246781, 320060, 14329;
80000, 10000, 50,4246781, 320060, 14880;
80000, 10000, 50,4246781, 320060, 16788;
80000, 10000, 50,4246781, 320060, 15068;
80000, 10000, 75,4246781, 320060, 15167;
80000, 10000, 75,4246781, 320060, 16093;
80000, 10000, 75,4246781, 320060, 14197;
80000, 10000, 75,4246781, 320060, 16474;
80000, 10000, 75,4246781, 320060, 15052;
80000, 10000, 75,4246781, 320060, 14163;
80000, 10000, 75,4246781, 320060, 14246;
80000, 10000, 75,4246781, 320060, 14164;
80000, 10000, 75,4246781, 320060, 14167;
80000, 10000, 75,4246781, 320060, 15205;
80000, 10000, 100,4246781, 320060, 13971;
80000, 10000, 100,4246781, 320060, 13615;
80000, 10000, 100,4246781, 320060, 14467;
80000, 10000, 100,4246781, 320060, 14229;
80000, 10000, 100,4246781, 320060, 14530;
80000, 10000, 100,4246781, 320060, 14070;
80000, 10000, 100,4246781, 320060, 14531;
80000, 10000, 100,4246781, 320060, 17118;
80000, 10000, 100,4246781, 320060, 14555;
80000, 10000, 100,4246781, 320060, 13770;
80000, 1000000, 0,4246781, 320060, 13987;
80000, 1000000, 0,4246781, 320060, 13943;
80000, 1000000, 0,4246781, 320060, 14131;
80000, 1000000, 0,4246781, 320060, 15412;
80000, 1000000, 0,4246781, 320060, 13551;
80000, 1000000, 0,4246781, 320060, 13591;
80000, 1000000, 0,4246781, 320060, 14889;
80000, 1000000, 0,4246781, 320060, 13516;
80000, 1000000, 0,4246781, 320060, 13536;
80000, 1000000, 0,4246781, 320060, 13676;
80000, 1000000, 25,4246781, 320060, 15242;
80000, 1000000, 25,4246781, 320060, 19141;
80000, 1000000, 25,4246781, 320060, 14769;
80000, 1000000, 25,4246781, 320060, 14938;
80000, 1000000, 25,4246781, 320060, 17083;
80000, 1000000, 25,4246781, 320060, 15088;
80000, 1000000, 25,4246781, 320060, 14186;
80000, 1000000, 25,4246781, 320060, 14786;
80000, 1000000, 25,4246781, 320060, 14557;
80000, 1000000, 25,4246781, 320060, 13898;
80000, 1000000, 50,4246781, 320060, 14385;
80000, 1000000, 50,4246781, 320060, 14417;
80000, 1000000, 50,4246781, 320060, 14989;
80000, 1000000, 50,4246781, 320060, 14718;
80000, 1000000, 50,4246781, 320060, 15229;
80000, 1000000, 50,4246781, 320060, 16962;
80000, 1000000, 50,4246781, 320060, 14799;
80000, 1000000, 50,4246781, 320060, 15315;
80000, 1000000, 50,4246781, 320060, 14872;
80000, 1000000, 50,4246781, 320060, 14471;
80000, 1000000, 75,4246781, 320060, 15195;
80000, 1000000, 75,4246781, 320060, 15276;
80000, 1000000, 75,4246781, 320060, 14688;
80000, 1000000, 75,4246781, 320060, 14435;
80000, 1000000, 75,4246781, 320060, 14286;
80000, 1000000, 75,4246781, 320060, 14364;
80000, 1000000, 75,4246781, 320060, 14259;
80000, 1000000, 75,4246781, 320060, 15680;
80000, 1000000, 75,4246781, 320060, 15271;
80000, 1000000, 75,4246781, 320060, 23128;
80000, 1000000, 100,4246781, 320060, 14436;
80000, 1000000, 100,4246781, 320060, 14689;
80000, 1000000, 100,4246781, 320060, 17276;
80000, 1000000, 100,4246781, 320060, 14571;
80000, 1000000, 100,4246781, 320060, 14012;
80000, 1000000, 100,4246781, 320060, 14489;
80000, 1000000, 100,4246781, 320060, 13892;
80000, 1000000, 100,4246781, 320060, 14829;
80000, 1000000, 100,4246781, 320060, 14498;
80000, 1000000, 100,4246781, 320060, 14125;
80000, 100000000, 0,4246781, 320060, 13405;
80000, 100000000, 0,4246781, 320060, 18200;
80000, 100000000, 0,4246781, 320060, 17968;
80000, 100000000, 0,4246781, 320060, 14236;
80000, 100000000, 0,4246781, 320060, 13646;
80000, 100000000, 0,4246781, 320060, 15189;
80000, 100000000, 0,4246781, 320060, 14178;
80000, 100000000, 0,4246781, 320060, 13314;
80000, 100000000, 0,4246781, 320060, 13395;
80000, 100000000, 0,4246781, 320060, 13521;
80000, 100000000, 25,4246781, 320060, 14789;
80000, 100000000, 25,4246781, 320060, 14049;
80000, 100000000, 25,4246781, 320060, 14257;
80000, 100000000, 25,4246781, 320060, 14058;
80000, 100000000, 25,4246781, 320060, 14668;
80000, 100000000, 25,4246781, 320060, 14777;
80000, 100000000, 25,4246781, 320060, 15339;
80000, 100000000, 25,4246781, 320060, 19020;
80000, 100000000, 25,4246781, 320060, 14695;
80000, 100000000, 25,4246781, 320060, 14828;
80000, 100000000, 50,4246781, 320060, 15112;
80000, 100000000, 50,4246781, 320060, 15231;
80000, 100000000, 50,4246781, 320060, 14511;
80000, 100000000, 50,4246781, 320060, 14203;
80000, 100000000, 50,4246781, 320060, 14315;
80000, 100000000, 50,4246781, 320060, 14357;
80000, 100000000, 50,4246781, 320060, 15045;
80000, 100000000, 50,4246781, 320060, 14492;
80000, 100000000, 50,4246781, 320060, 14342;
80000, 100000000, 50,4246781, 320060, 14367;
80000, 100000000, 75,4246781, 320060, 15242;
80000, 100000000, 75,4246781, 320060, 18536;
80000, 100000000, 75,4246781, 320060, 15121;
80000, 100000000, 75,4246781, 320060, 14334;
80000, 100000000, 75,4246781, 320060, 17691;
80000, 100000000, 75,4246781, 320060, 14546;
80000, 100000000, 75,4246781, 320060, 15130;
80000, 100000000, 75,4246781, 320060, 14503;
80000, 100000000, 75,4246781, 320060, 14541;
80000, 100000000, 75,4246781, 320060, 14257;
80000, 100000000, 100,4246781, 320060, 14374;
80000, 100000000, 100,4246781, 320060, 13848;
80000, 100000000, 100,4246781, 320060, 14834;
80000, 100000000, 100,4246781, 320060, 14503;
80000, 100000000, 100,4246781, 320060, 15095;
80000, 100000000, 100,4246781, 320060, 18570;
80000, 100000000, 100,4246781, 320060, 14686;
80000, 100000000, 100,4246781, 320060, 13862;
80000, 100000000, 100,4246781, 320060, 13740;
80000, 100000000, 100,4246781, 320060, 14002;
90000, 100, 0,4826781, 360060, 15242;
90000, 100, 0,4826781, 360060, 15270;
90000, 100, 0,4826781, 360060, 15026;
90000, 100, 0,4826781, 360060, 15586;
90000, 100, 0,4826781, 360060, 15509;
90000, 100, 0,4826781, 360060, 15838;
90000, 100, 0,4826781, 360060, 15069;
90000, 100, 0,4826781, 360060, 24588;
90000, 100, 0,4826781, 360060, 15538;
90000, 100, 0,4826781, 360060, 17757;
90000, 100, 25,4826781, 360060, 16734;
90000, 100, 25,4826781, 360060, 16235;
90000, 100, 25,4826781, 360060, 16460;
90000, 100, 25,4826781, 360060, 15592;
90000, 100, 25,4826781, 360060, 19426;
90000, 100, 25,4826781, 360060, 16098;
90000, 100, 25,4826781, 360060, 15963;
90000, 100, 25,4826781, 360060, 16462;
90000, 100, 25,4826781, 360060, 15912;
90000, 100, 25,4826781, 360060, 15879;
90000, 100, 50,4826781, 360060, 20703;
90000, 100, 50,4826781, 360060, 15879;
90000, 100, 50,4826781, 360060, 16408;
90000, 100, 50,4826781, 360060, 15835;
90000, 100, 50,4826781, 360060, 15776;
90000, 100, 50,4826781, 360060, 15781;
90000, 100, 50,4826781, 360060, 15737;
90000, 100, 50,4826781, 360060, 16790;
90000, 100, 50,4826781, 360060, 16537;
90000, 100, 50,4826781, 360060, 16461;
90000, 100, 75,4826781, 360060, 15723;
90000, 100, 75,4826781, 360060, 15688;
90000, 100, 75,4826781, 360060, 16341;
90000, 100, 75,4826781, 360060, 15741;
90000, 100, 75,4826781, 360060, 17030;
90000, 100, 75,4826781, 360060, 21634;
90000, 100, 75,4826781, 360060, 17415;
90000, 100, 75,4826781, 360060, 15762;
90000, 100, 75,4826781, 360060, 16250;
90000, 100, 75,4826781, 360060, 15719;
90000, 100, 100,4826781, 360060, 15457;
90000, 100, 100,4826781, 360060, 15720;
90000, 100, 100,4826781, 360060, 15049;
90000, 100, 100,4826781, 360060, 15195;
90000, 100, 100,4826781, 360060, 16290;
90000, 100, 100,4826781, 360060, 16016;
90000, 100, 100,4826781, 360060, 15578;
90000, 100, 100,4826781, 360060, 16005;
90000, 100, 100,4826781, 360060, 19593;
90000, 100, 100,4826781, 360060, 15806;
90000, 10000, 0,4826781, 360060, 16149;
90000, 10000, 0,4826781, 360060, 15079;
90000, 10000, 0,4826781, 360060, 15133;
90000, 10000, 0,4826781, 360060, 15785;
90000, 10000, 0,4826781, 360060, 15489;
90000, 10000, 0,4826781, 360060, 15858;
90000, 10000, 0,4826781, 360060, 15229;
90000, 10000, 0,4826781, 360060, 15714;
90000, 10000, 0,4826781, 360060, 15113;
90000, 10000, 0,4826781, 360060, 15155;
90000, 10000, 25,4826781, 360060, 16299;
90000, 10000, 25,4826781, 360060, 15788;
90000, 10000, 25,4826781, 360060, 20941;
90000, 10000, 25,4826781, 360060, 15697;
90000, 10000, 25,4826781, 360060, 15758;
90000, 10000, 25,4826781, 360060, 15791;
90000, 10000, 25,4826781, 360060, 15652;
90000, 10000, 25,4826781, 360060, 17417;
90000, 10000, 25,4826781, 360060, 15660;
90000, 10000, 25,4826781, 360060, 15697;
90000, 10000, 50,4826781, 360060, 16852;
90000, 10000, 50,4826781, 360060, 16031;
90000, 10000, 50,4826781, 360060, 16040;
90000, 10000, 50,4826781, 360060, 17719;
90000, 10000, 50,4826781, 360060, 17217;
90000, 10000, 50,4826781, 360060, 17065;
90000, 10000, 50,4826781, 360060, 17378;
90000, 10000, 50,4826781, 360060, 16252;
90000, 10000, 50,4826781, 360060, 17096;
90000, 10000, 50,4826781, 360060, 16071;
90000, 10000, 75,4826781, 360060, 16386;
90000, 10000, 75,4826781, 360060, 16977;
90000, 10000, 75,4826781, 360060, 16887;
90000, 10000, 75,4826781, 360060, 15971;
90000, 10000, 75,4826781, 360060, 16053;
90000, 10000, 75,4826781, 360060, 16441;
90000, 10000, 75,4826781, 360060, 19829;
90000, 10000, 75,4826781, 360060, 17773;
90000, 10000, 75,4826781, 360060, 16675;
90000, 10000, 75,4826781, 360060, 16727;
90000, 10000, 100,4826781, 360060, 15855;
90000, 10000, 100,4826781, 360060, 15732;
90000, 10000, 100,4826781, 360060, 15429;
90000, 10000, 100,4826781, 360060, 16440;
90000, 10000, 100,4826781, 360060, 15751;
90000, 10000, 100,4826781, 360060, 15581;
90000, 10000, 100,4826781, 360060, 16350;
90000, 10000, 100,4826781, 360060, 16088;
90000, 10000, 100,4826781, 360060, 18401;
90000, 10000, 100,4826781, 360060, 15589;
90000, 1000000, 0,4826781, 360060, 16041;
90000, 1000000, 0,4826781, 360060, 15445;
90000, 1000000, 0,4826781, 360060, 15028;
90000, 1000000, 0,4826781, 360060, 15338;
90000, 1000000, 0,4826781, 360060, 15449;
90000, 1000000, 0,4826781, 360060, 15716;
90000, 1000000, 0,4826781, 360060, 15031;
90000, 1000000, 0,4826781, 360060, 16031;
90000, 1000000, 0,4826781, 360060, 16025;
90000, 1000000, 0,4826781, 360060, 16147;
90000, 1000000, 25,4826781, 360060, 15748;
90000, 1000000, 25,4826781, 360060, 16729;
90000, 1000000, 25,4826781, 360060, 18199;
90000, 1000000, 25,4826781, 360060, 16744;
90000, 1000000, 25,4826781, 360060, 15622;
90000, 1000000, 25,4826781, 360060, 15950;
90000, 1000000, 25,4826781, 360060, 16352;
90000, 1000000, 25,4826781, 360060, 15716;
90000, 1000000, 25,4826781, 360060, 15791;
90000, 1000000, 25,4826781, 360060, 17004;
90000, 1000000, 50,4826781, 360060, 16453;
90000, 1000000, 50,4826781, 360060, 16446;
90000, 1000000, 50,4826781, 360060, 16088;
90000, 1000000, 50,4826781, 360060, 16622;
90000, 1000000, 50,4826781, 360060, 17117;
90000, 1000000, 50,4826781, 360060, 19864;
90000, 1000000, 50,4826781, 360060, 17287;
90000, 1000000, 50,4826781, 360060, 16666;
90000, 1000000, 50,4826781, 360060, 16190;
90000, 1000000, 50,4826781, 360060, 16058;
90000, 1000000, 75,4826781, 360060, 16034;
90000, 1000000, 75,4826781, 360060, 17414;
90000, 1000000, 75,4826781, 360060, 16721;
90000, 1000000, 75,4826781, 360060, 16770;
90000, 1000000, 75,4826781, 360060, 16152;
90000, 1000000, 75,4826781, 360060, 16027;
90000, 1000000, 75,4826781, 360060, 17245;
90000, 1000000, 75,4826781, 360060, 21797;
90000, 1000000, 75,4826781, 360060, 16198;
90000, 1000000, 75,4826781, 360060, 16227;
90000, 1000000, 100,4826781, 360060, 15748;
90000, 1000000, 100,4826781, 360060, 15675;
90000, 1000000, 100,4826781, 360060, 15568;
90000, 1000000, 100,4826781, 360060, 16149;
90000, 1000000, 100,4826781, 360060, 15697;
90000, 1000000, 100,4826781, 360060, 15602;
90000, 1000000, 100,4826781, 360060, 15671;
90000, 1000000, 100,4826781, 360060, 15932;
90000, 1000000, 100,4826781, 360060, 16672;
90000, 1000000, 100,4826781, 360060, 17004;
90000, 100000000, 0,4826781, 360060, 17670;
90000, 100000000, 0,4826781, 360060, 15995;
90000, 100000000, 0,4826781, 360060, 15976;
90000, 100000000, 0,4826781, 360060, 15634;
90000, 100000000, 0,4826781, 360060, 15986;
90000, 100000000, 0,4826781, 360060, 15737;
90000, 100000000, 0,4826781, 360060, 15317;
90000, 100000000, 0,4826781, 360060, 15182;
90000, 100000000, 0,4826781, 360060, 15440;
90000, 100000000, 0,4826781, 360060, 15134;
90000, 100000000, 25,4826781, 360060, 15830;
90000, 100000000, 25,4826781, 360060, 16966;
90000, 100000000, 25,4826781, 360060, 16654;
90000, 100000000, 25,4826781, 360060, 23099;
90000, 100000000, 25,4826781, 360060, 16617;
90000, 100000000, 25,4826781, 360060, 16421;
90000, 100000000, 25,4826781, 360060, 16695;
90000, 100000000, 25,4826781, 360060, 15656;
90000, 100000000, 25,4826781, 360060, 15622;
90000, 100000000, 25,4826781, 360060, 16313;
90000, 100000000, 50,4826781, 360060, 18309;
90000, 100000000, 50,4826781, 360060, 16487;
90000, 100000000, 50,4826781, 360060, 16730;
90000, 100000000, 50,4826781, 360060, 16322;
90000, 100000000, 50,4826781, 360060, 17128;
90000, 100000000, 50,4826781, 360060, 20782;
90000, 100000000, 50,4826781, 360060, 16314;
90000, 100000000, 50,4826781, 360060, 16334;
90000, 100000000, 50,4826781, 360060, 16568;
90000, 100000000, 50,4826781, 360060, 16042;
90000, 100000000, 75,4826781, 360060, 16472;
90000, 100000000, 75,4826781, 360060, 16719;
90000, 100000000, 75,4826781, 360060, 16133;
90000, 100000000, 75,4826781, 360060, 16147;
90000, 100000000, 75,4826781, 360060, 16733;
90000, 100000000, 75,4826781, 360060, 16700;
90000, 100000000, 75,4826781, 360060, 17196;
90000, 100000000, 75,4826781, 360060, 17949;
90000, 100000000, 75,4826781, 360060, 17126;
90000, 100000000, 75,4826781, 360060, 16098;
90000, 100000000, 100,4826781, 360060, 15638;
90000, 100000000, 100,4826781, 360060, 15634;
90000, 100000000, 100,4826781, 360060, 15854;
90000, 100000000, 100,4826781, 360060, 15735;
90000, 100000000, 100,4826781, 360060, 15601;
90000, 100000000, 100,4826781, 360060, 16553;
90000, 100000000, 100,4826781, 360060, 15698;
90000, 100000000, 100,4826781, 360060, 15621;
90000, 100000000, 100,4826781, 360060, 16771;
90000, 100000000, 100,4826781, 360060, 19631;
100000, 100, 0,5406781, 400060, 17110;
100000, 100, 0,5406781, 400060, 17046;
100000, 100, 0,5406781, 400060, 17413;
100000, 100, 0,5406781, 400060, 16916;
100000, 100, 0,5406781, 400060, 16889;
100000, 100, 0,5406781, 400060, 18102;
100000, 100, 0,5406781, 400060, 16913;
100000, 100, 0,5406781, 400060, 17837;
100000, 100, 0,5406781, 400060, 16916;
100000, 100, 0,5406781, 400060, 16994;
100000, 100, 25,5406781, 400060, 18689;
100000, 100, 25,5406781, 400060, 29752;
100000, 100, 25,5406781, 400060, 18828;
100000, 100, 25,5406781, 400060, 17424;
100000, 100, 25,5406781, 400060, 17994;
100000, 100, 25,5406781, 400060, 17486;
100000, 100, 25,5406781, 400060, 17483;
100000, 100, 25,5406781, 400060, 17506;
100000, 100, 25,5406781, 400060, 17599;
100000, 100, 25,5406781, 400060, 17546;
100000, 100, 50,5406781, 400060, 17731;
100000, 100, 50,5406781, 400060, 17853;
100000, 100, 50,5406781, 400060, 19659;
100000, 100, 50,5406781, 400060, 19720;
100000, 100, 50,5406781, 400060, 18856;
100000, 100, 50,5406781, 400060, 18794;
100000, 100, 50,5406781, 400060, 18823;
100000, 100, 50,5406781, 400060, 17623;
100000, 100, 50,5406781, 400060, 18190;
100000, 100, 50,5406781, 400060, 18419;
100000, 100, 75,5406781, 400060, 17523;
100000, 100, 75,5406781, 400060, 17498;
100000, 100, 75,5406781, 400060, 18325;
100000, 100, 75,5406781, 400060, 18202;
100000, 100, 75,5406781, 400060, 19031;
100000, 100, 75,5406781, 400060, 20909;
100000, 100, 75,5406781, 400060, 18875;
100000, 100, 75,5406781, 400060, 18659;
100000, 100, 75,5406781, 400060, 22136;
100000, 100, 75,5406781, 400060, 18307;
100000, 100, 100,5406781, 400060, 17792;
100000, 100, 100,5406781, 400060, 18074;
100000, 100, 100,5406781, 400060, 16908;
100000, 100, 100,5406781, 400060, 17019;
100000, 100, 100,5406781, 400060, 16975;
100000, 100, 100,5406781, 400060, 17219;
100000, 100, 100,5406781, 400060, 18065;
100000, 100, 100,5406781, 400060, 21423;
100000, 100, 100,5406781, 400060, 17021;
100000, 100, 100,5406781, 400060, 17647;
100000, 10000, 0,5406781, 400060, 16993;
100000, 10000, 0,5406781, 400060, 16954;
100000, 10000, 0,5406781, 400060, 17033;
100000, 10000, 0,5406781, 400060, 16893;
100000, 10000, 0,5406781, 400060, 19706;
100000, 10000, 0,5406781, 400060, 16902;
100000, 10000, 0,5406781, 400060, 16915;
100000, 10000, 0,5406781, 400060, 17932;
100000, 10000, 0,5406781, 400060, 18541;
100000, 10000, 0,5406781, 400060, 21737;
100000, 10000, 25,5406781, 400060, 18262;
100000, 10000, 25,5406781, 400060, 18337;
100000, 10000, 25,5406781, 400060, 18310;
100000, 10000, 25,5406781, 400060, 17839;
100000, 10000, 25,5406781, 400060, 17784;
100000, 10000, 25,5406781, 400060, 17878;
100000, 10000, 25,5406781, 400060, 17709;
100000, 10000, 25,5406781, 400060, 18742;
100000, 10000, 25,5406781, 400060, 18240;
100000, 10000, 25,5406781, 400060, 27032;
100000, 10000, 50,5406781, 400060, 19272;
100000, 10000, 50,5406781, 400060, 19353;
100000, 10000, 50,5406781, 400060, 18349;
100000, 10000, 50,5406781, 400060, 19104;
100000, 10000, 50,5406781, 400060, 19239;
100000, 10000, 50,5406781, 400060, 19798;
100000, 10000, 50,5406781, 400060, 17988;
100000, 10000, 50,5406781, 400060, 18692;
100000, 10000, 50,5406781, 400060, 17958;
100000, 10000, 50,5406781, 400060, 18088;
100000, 10000, 75,5406781, 400060, 18194;
100000, 10000, 75,5406781, 400060, 18603;
100000, 10000, 75,5406781, 400060, 22225;
100000, 10000, 75,5406781, 400060, 18910;
100000, 10000, 75,5406781, 400060, 17859;
100000, 10000, 75,5406781, 400060, 18455;
100000, 10000, 75,5406781, 400060, 17888;
100000, 10000, 75,5406781, 400060, 18710;
100000, 10000, 75,5406781, 400060, 19490;
100000, 10000, 75,5406781, 400060, 18683;
100000, 10000, 100,5406781, 400060, 18079;
100000, 10000, 100,5406781, 400060, 17704;
100000, 10000, 100,5406781, 400060, 19942;
100000, 10000, 100,5406781, 400060, 17735;
100000, 10000, 100,5406781, 400060, 18132;
100000, 10000, 100,5406781, 400060, 17583;
100000, 10000, 100,5406781, 400060, 17218;
100000, 10000, 100,5406781, 400060, 17494;
100000, 10000, 100,5406781, 400060, 18334;
100000, 10000, 100,5406781, 400060, 18623;
100000, 1000000, 0,5406781, 400060, 17996;
100000, 1000000, 0,5406781, 400060, 16847;
100000, 1000000, 0,5406781, 400060, 17923;
100000, 1000000, 0,5406781, 400060, 18036;
100000, 1000000, 0,5406781, 400060, 18154;
100000, 1000000, 0,5406781, 400060, 17337;
100000, 1000000, 0,5406781, 400060, 17237;
100000, 1000000, 0,5406781, 400060, 18456;
100000, 1000000, 0,5406781, 400060, 16910;
100000, 1000000, 0,5406781, 400060, 17312;
100000, 1000000, 25,5406781, 400060, 17636;
100000, 1000000, 25,5406781, 400060, 17641;
100000, 1000000, 25,5406781, 400060, 17606;
100000, 1000000, 25,5406781, 400060, 17624;
100000, 1000000, 25,5406781, 400060, 19383;
100000, 1000000, 25,5406781, 400060, 21526;
100000, 1000000, 25,5406781, 400060, 17865;
100000, 1000000, 25,5406781, 400060, 18649;
100000, 1000000, 25,5406781, 400060, 17777;
100000, 1000000, 25,5406781, 400060, 18469;
100000, 1000000, 50,5406781, 400060, 18120;
100000, 1000000, 50,5406781, 400060, 19476;
100000, 1000000, 50,5406781, 400060, 18077;
100000, 1000000, 50,5406781, 400060, 17999;
100000, 1000000, 50,5406781, 400060, 17980;
100000, 1000000, 50,5406781, 400060, 18069;
100000, 1000000, 50,5406781, 400060, 18781;
100000, 1000000, 50,5406781, 400060, 23169;
100000, 1000000, 50,5406781, 400060, 18943;
100000, 1000000, 50,5406781, 400060, 18133;
100000, 1000000, 75,5406781, 400060, 18150;
100000, 1000000, 75,5406781, 400060, 18797;
100000, 1000000, 75,5406781, 400060, 18060;
100000, 1000000, 75,5406781, 400060, 18651;
100000, 1000000, 75,5406781, 400060, 18031;
100000, 1000000, 75,5406781, 400060, 18388;
100000, 1000000, 75,5406781, 400060, 18212;
100000, 1000000, 75,5406781, 400060, 19054;
100000, 1000000, 75,5406781, 400060, 22327;
100000, 1000000, 75,5406781, 400060, 19950;
100000, 1000000, 100,5406781, 400060, 17482;
100000, 1000000, 100,5406781, 400060, 18500;
100000, 1000000, 100,5406781, 400060, 17529;
100000, 1000000, 100,5406781, 400060, 17485;
100000, 1000000, 100,5406781, 400060, 17527;
100000, 1000000, 100,5406781, 400060, 17739;
100000, 1000000, 100,5406781, 400060, 18277;
100000, 1000000, 100,5406781, 400060, 19313;
100000, 1000000, 100,5406781, 400060, 22713;
100000, 1000000, 100,5406781, 400060, 19507;
100000, 100000000, 0,5406781, 400060, 16919;
100000, 100000000, 0,5406781, 400060, 16873;
100000, 100000000, 0,5406781, 400060, 17632;
100000, 100000000, 0,5406781, 400060, 16963;
100000, 100000000, 0,5406781, 400060, 19899;
100000, 100000000, 0,5406781, 400060, 17138;
100000, 100000000, 0,5406781, 400060, 17800;
100000, 100000000, 0,5406781, 400060, 17149;
100000, 100000000, 0,5406781, 400060, 18607;
100000, 100000000, 0,5406781, 400060, 18276;
100000, 100000000, 25,5406781, 400060, 25932;
100000, 100000000, 25,5406781, 400060, 17979;
100000, 100000000, 25,5406781, 400060, 17608;
100000, 100000000, 25,5406781, 400060, 17584;
100000, 100000000, 25,5406781, 400060, 17584;
100000, 100000000, 25,5406781, 400060, 17972;
100000, 100000000, 25,5406781, 400060, 17546;
100000, 100000000, 25,5406781, 400060, 19169;
100000, 100000000, 25,5406781, 400060, 17608;
100000, 100000000, 25,5406781, 400060, 18373;
100000, 100000000, 50,5406781, 400060, 18119;
100000, 100000000, 50,5406781, 400060, 19837;
100000, 100000000, 50,5406781, 400060, 22955;
100000, 100000000, 50,5406781, 400060, 18283;
100000, 100000000, 50,5406781, 400060, 18059;
100000, 100000000, 50,5406781, 400060, 18207;
100000, 100000000, 50,5406781, 400060, 17965;
100000, 100000000, 50,5406781, 400060, 19171;
100000, 100000000, 50,5406781, 400060, 18794;
100000, 100000000, 50,5406781, 400060, 19178;
100000, 100000000, 75,5406781, 400060, 18099;
100000, 100000000, 75,5406781, 400060, 19145;
100000, 100000000, 75,5406781, 400060, 18038;
100000, 100000000, 75,5406781, 400060, 19175;
100000, 100000000, 75,5406781, 400060, 18262;
100000, 100000000, 75,5406781, 400060, 18158;
100000, 100000000, 75,5406781, 400060, 18121;
100000, 100000000, 75,5406781, 400060, 18052;
100000, 100000000, 75,5406781, 400060, 18002;
100000, 100000000, 75,5406781, 400060, 17965;
100000, 100000000, 100,5406781, 400060, 18497;
100000, 100000000, 100,5406781, 400060, 17815;
100000, 100000000, 100,5406781, 400060, 17998;
100000, 100000000, 100,5406781, 400060, 17981;
100000, 100000000, 100,5406781, 400060, 18639;
100000, 100000000, 100,5406781, 400060, 18685;
100000, 100000000, 100,5406781, 400060, 17785;
100000, 100000000, 100,5406781, 400060, 17893;
100000, 100000000, 100,5406781, 400060, 17536;
100000, 100000000, 100,5406781, 400060, 17546;
