TriInsertion

Nombre de données, Intervalle des données, Taux de dispersion, nombre d'instructions,mémoire maximale(bytes), temps de traitement(us);
10000, 100, 0,10000, 20, 44;
10000, 100, 0,10000, 20, 68;
10000, 100, 0,10000, 20, 69;
10000, 100, 0,10000, 20, 43;
10000, 100, 0,10000, 20, 68;
10000, 100, 0,10000, 20, 65;
10000, 100, 0,10000, 20, 43;
10000, 100, 0,10000, 20, 43;
10000, 100, 0,10000, 20, 43;
10000, 100, 0,10000, 20, 71;
10000, 100, 25,12182642, 20, 40587;
10000, 100, 25,12182642, 20, 49013;
10000, 100, 25,12182642, 20, 49796;
10000, 100, 25,12182642, 20, 61101;
10000, 100, 25,12182642, 20, 40494;
10000, 100, 25,12182642, 20, 60728;
10000, 100, 25,12182642, 20, 56534;
10000, 100, 25,12182642, 20, 49121;
10000, 100, 25,12182642, 20, 56574;
10000, 100, 25,12182642, 20, 46538;
10000, 100, 50,24482358, 20, 77675;
10000, 100, 50,24482358, 20, 78512;
10000, 100, 50,24273525, 20, 81454;
10000, 100, 50,24273525, 20, 76670;
10000, 100, 50,24273525, 20, 76690;
10000, 100, 50,24273525, 20, 76796;
10000, 100, 50,24273525, 20, 87838;
10000, 100, 50,24273525, 20, 77482;
10000, 100, 50,24273525, 20, 75616;
10000, 100, 50,24273525, 20, 76566;
10000, 100, 75,36726159, 20, 118379;
10000, 100, 75,36726159, 20, 115479;
10000, 100, 75,36726159, 20, 119412;
10000, 100, 75,37086991, 20, 123632;
10000, 100, 75,37086991, 20, 118225;
10000, 100, 75,37086991, 20, 118613;
10000, 100, 75,37086991, 20, 118247;
10000, 100, 75,37086991, 20, 128516;
10000, 100, 75,37086991, 20, 118459;
10000, 100, 75,37086991, 20, 116949;
10000, 100, 100,49510361, 20, 169755;
10000, 100, 100,49509891, 20, 157015;
10000, 100, 100,49509891, 20, 162203;
10000, 100, 100,49509891, 20, 162417;
10000, 100, 100,49509891, 20, 162783;
10000, 100, 100,49509891, 20, 155755;
10000, 100, 100,49509891, 20, 158220;
10000, 100, 100,49509653, 20, 169953;
10000, 100, 100,49509653, 20, 157840;
10000, 100, 100,49509653, 20, 159111;
10000, 10000, 0,10000, 20, 43;
10000, 10000, 0,10000, 20, 41;
10000, 10000, 0,10000, 20, 43;
10000, 10000, 0,10000, 20, 43;
10000, 10000, 0,10000, 20, 41;
10000, 10000, 0,10000, 20, 43;
10000, 10000, 0,10000, 20, 43;
10000, 10000, 0,10000, 20, 43;
10000, 10000, 0,10000, 20, 43;
10000, 10000, 0,10000, 20, 43;
10000, 10000, 25,12025979, 20, 38433;
10000, 10000, 25,12025979, 20, 38810;
10000, 10000, 25,12025979, 20, 48242;
10000, 10000, 25,12025979, 20, 40085;
10000, 10000, 25,12025979, 20, 38579;
10000, 10000, 25,12025979, 20, 39441;
10000, 10000, 25,12025979, 20, 38202;
10000, 10000, 25,12025979, 20, 38437;
10000, 10000, 25,12025979, 20, 38676;
10000, 10000, 25,12025979, 20, 39028;
10000, 10000, 50,24581449, 20, 77945;
10000, 10000, 50,24842281, 20, 83648;
10000, 10000, 50,24842281, 20, 88280;
10000, 10000, 50,24842281, 20, 78257;
10000, 10000, 50,24842281, 20, 77960;
10000, 10000, 50,24842281, 20, 80645;
10000, 10000, 50,24842281, 20, 78149;
10000, 10000, 50,24842281, 20, 79164;
10000, 10000, 50,24842281, 20, 86232;
10000, 10000, 50,24842281, 20, 80870;
10000, 10000, 75,37445772, 20, 119879;
10000, 10000, 75,37445772, 20, 118485;
10000, 10000, 75,37671327, 20, 126930;
10000, 10000, 75,37671327, 20, 125092;
10000, 10000, 75,37671327, 20, 120665;
10000, 10000, 75,37671327, 20, 118219;
10000, 10000, 75,37671327, 20, 122374;
10000, 10000, 75,37671327, 20, 129672;
10000, 10000, 75,37671327, 20, 122115;
10000, 10000, 75,37671327, 20, 119972;
10000, 10000, 100,50000056, 20, 160352;
10000, 10000, 100,50000056, 20, 165944;
10000, 10000, 100,50000056, 20, 157594;
10000, 10000, 100,50000056, 20, 158442;
10000, 10000, 100,50000056, 20, 168029;
10000, 10000, 100,50000056, 20, 160191;
10000, 10000, 100,49999897, 20, 160841;
10000, 10000, 100,49999897, 20, 171631;
10000, 10000, 100,49999897, 20, 156427;
10000, 10000, 100,49999897, 20, 159253;
10000, 1000000, 0,10000, 20, 40;
10000, 1000000, 0,10000, 20, 43;
10000, 1000000, 0,10000, 20, 43;
10000, 1000000, 0,10000, 20, 43;
10000, 1000000, 0,10000, 20, 43;
10000, 1000000, 0,10000, 20, 43;
10000, 1000000, 0,10000, 20, 43;
10000, 1000000, 0,10000, 20, 43;
10000, 1000000, 0,10000, 20, 40;
10000, 1000000, 0,10000, 20, 43;
10000, 1000000, 25,12254302, 20, 40209;
10000, 1000000, 25,12254302, 20, 41581;
10000, 1000000, 25,12254302, 20, 43732;
10000, 1000000, 25,12254302, 20, 40668;
10000, 1000000, 25,12254302, 20, 38724;
10000, 1000000, 25,12254302, 20, 38882;
10000, 1000000, 25,12416314, 20, 40530;
10000, 1000000, 25,12416314, 20, 39256;
10000, 1000000, 25,12416314, 20, 40397;
10000, 1000000, 25,12416314, 20, 40497;
10000, 1000000, 50,24818697, 20, 78856;
10000, 1000000, 50,24818697, 20, 80519;
10000, 1000000, 50,24818697, 20, 89531;
10000, 1000000, 50,24818697, 20, 80228;
10000, 1000000, 50,24818697, 20, 77551;
10000, 1000000, 50,24818697, 20, 78681;
10000, 1000000, 50,24818697, 20, 79625;
10000, 1000000, 50,24818697, 20, 78950;
10000, 1000000, 50,24818697, 20, 90580;
10000, 1000000, 50,24818697, 20, 79267;
10000, 1000000, 75,37336181, 20, 118493;
10000, 1000000, 75,37336181, 20, 117828;
10000, 1000000, 75,37336181, 20, 121182;
10000, 1000000, 75,37336181, 20, 131837;
10000, 1000000, 75,37336181, 20, 119678;
10000, 1000000, 75,37336181, 20, 120068;
10000, 1000000, 75,37336181, 20, 119122;
10000, 1000000, 75,37336181, 20, 128103;
10000, 1000000, 75,37647740, 20, 120292;
10000, 1000000, 75,37647740, 20, 118731;
10000, 1000000, 100,50003478, 20, 161085;
10000, 1000000, 100,50003478, 20, 168911;
10000, 1000000, 100,50003478, 20, 163623;
10000, 1000000, 100,50003478, 20, 160744;
10000, 1000000, 100,50003478, 20, 176723;
10000, 1000000, 100,50003407, 20, 157721;
10000, 1000000, 100,50003407, 20, 163925;
10000, 1000000, 100,50003407, 20, 167892;
10000, 1000000, 100,50003407, 20, 158993;
10000, 1000000, 100,50003407, 20, 157911;
10000, 100000000, 0,10000, 20, 43;
10000, 100000000, 0,10000, 20, 43;
10000, 100000000, 0,10000, 20, 44;
10000, 100000000, 0,10000, 20, 43;
10000, 100000000, 0,10000, 20, 43;
10000, 100000000, 0,10000, 20, 43;
10000, 100000000, 0,10000, 20, 43;
10000, 100000000, 0,10000, 20, 43;
10000, 100000000, 0,10000, 20, 43;
10000, 100000000, 0,10000, 20, 43;
10000, 100000000, 25,12146794, 20, 40874;
10000, 100000000, 25,12441763, 20, 46746;
10000, 100000000, 25,12441763, 20, 41561;
10000, 100000000, 25,12441763, 20, 40562;
10000, 100000000, 25,12441763, 20, 39226;
10000, 100000000, 25,12441763, 20, 40274;
10000, 100000000, 25,12441763, 20, 39103;
10000, 100000000, 25,12441763, 20, 40255;
10000, 100000000, 25,12441763, 20, 40922;
10000, 100000000, 25,12441763, 20, 40426;
10000, 100000000, 50,24498407, 20, 77675;
10000, 100000000, 50,24498407, 20, 79806;
10000, 100000000, 50,24498407, 20, 83500;
10000, 100000000, 50,24498407, 20, 77559;
10000, 100000000, 50,24498407, 20, 76792;
10000, 100000000, 50,24498407, 20, 79340;
10000, 100000000, 50,24498407, 20, 77532;
10000, 100000000, 50,24938860, 20, 81349;
10000, 100000000, 50,24938860, 20, 85257;
10000, 100000000, 50,24938860, 20, 82701;
10000, 100000000, 75,37383687, 20, 118502;
10000, 100000000, 75,37383687, 20, 118367;
10000, 100000000, 75,37383687, 20, 126295;
10000, 100000000, 75,37383687, 20, 122532;
10000, 100000000, 75,37383687, 20, 118492;
10000, 100000000, 75,37383687, 20, 121725;
10000, 100000000, 75,37196575, 20, 117587;
10000, 100000000, 75,37196575, 20, 130219;
10000, 100000000, 75,37196575, 20, 116743;
10000, 100000000, 75,37196575, 20, 118627;
10000, 100000000, 100,50003511, 20, 162233;
10000, 100000000, 100,50003511, 20, 165652;
10000, 100000000, 100,50003511, 20, 158310;
10000, 100000000, 100,50003490, 20, 157772;
10000, 100000000, 100,50003490, 20, 175761;
10000, 100000000, 100,50003490, 20, 159129;
10000, 100000000, 100,50003490, 20, 155980;
10000, 100000000, 100,50003490, 20, 165847;
10000, 100000000, 100,50003490, 20, 157502;
10000, 100000000, 100,50003513, 20, 158457;
20000, 100, 0,20000, 20, 86;
20000, 100, 0,20000, 20, 87;
20000, 100, 0,20000, 20, 81;
20000, 100, 0,20000, 20, 87;
20000, 100, 0,20000, 20, 87;
20000, 100, 0,20000, 20, 86;
20000, 100, 0,20000, 20, 87;
20000, 100, 0,20000, 20, 87;
20000, 100, 0,20000, 20, 87;
20000, 100, 0,20000, 20, 87;
20000, 100, 25,47761738, 20, 171062;
20000, 100, 25,47761738, 20, 152003;
20000, 100, 25,47761738, 20, 154171;
20000, 100, 25,47761738, 20, 160406;
20000, 100, 25,47761738, 20, 150800;
20000, 100, 25,48353786, 20, 151596;
20000, 100, 25,48353786, 20, 153778;
20000, 100, 25,48353786, 20, 167603;
20000, 100, 25,48353786, 20, 156364;
20000, 100, 25,48353786, 20, 151953;
20000, 100, 50,98373018, 20, 324662;
20000, 100, 50,96504307, 20, 314776;
20000, 100, 50,96504307, 20, 307958;
20000, 100, 50,96504307, 20, 314640;
20000, 100, 50,97500736, 20, 309436;
20000, 100, 50,97500736, 20, 318863;
20000, 100, 50,97500736, 20, 314619;
20000, 100, 50,97590753, 20, 312416;
20000, 100, 50,97590753, 20, 324918;
20000, 100, 50,97590753, 20, 315899;
20000, 100, 75,147644534, 20, 471556;
20000, 100, 75,147644534, 20, 478881;
20000, 100, 75,146976179, 20, 483300;
20000, 100, 75,146976179, 20, 474982;
20000, 100, 75,146976179, 20, 475956;
20000, 100, 75,148230992, 20, 479488;
20000, 100, 75,148230992, 20, 492963;
20000, 100, 75,147892655, 20, 488199;
20000, 100, 75,147892655, 20, 492307;
20000, 100, 75,147667305, 20, 484983;
20000, 100, 100,198030765, 20, 667761;
20000, 100, 100,198027988, 20, 655599;
20000, 100, 100,198028503, 20, 682696;
20000, 100, 100,198028503, 20, 658477;
20000, 100, 100,198029885, 20, 648490;
20000, 100, 100,198029823, 20, 650705;
20000, 100, 100,198029823, 20, 652533;
20000, 100, 100,198030962, 20, 641534;
20000, 100, 100,198029942, 20, 647517;
20000, 100, 100,198029942, 20, 648572;
20000, 10000, 0,20000, 20, 81;
20000, 10000, 0,20000, 20, 81;
20000, 10000, 0,20000, 20, 81;
20000, 10000, 0,20000, 20, 82;
20000, 10000, 0,20000, 20, 87;
20000, 10000, 0,20000, 20, 81;
20000, 10000, 0,20000, 20, 87;
20000, 10000, 0,20000, 20, 87;
20000, 10000, 0,20000, 20, 87;
20000, 10000, 0,20000, 20, 87;
20000, 10000, 25,48265172, 20, 222266;
20000, 10000, 25,48265172, 20, 152909;
20000, 10000, 25,48265172, 20, 154398;
20000, 10000, 25,48430041, 20, 167594;
20000, 10000, 25,48430041, 20, 157947;
20000, 10000, 25,48430041, 20, 157917;
20000, 10000, 25,48430041, 20, 162786;
20000, 10000, 25,48430041, 20, 158137;
20000, 10000, 25,48430041, 20, 157768;
20000, 10000, 25,48478971, 20, 156409;
20000, 10000, 50,98229193, 20, 322309;
20000, 10000, 50,98229193, 20, 330826;
20000, 10000, 50,98229193, 20, 319969;
20000, 10000, 50,98560971, 20, 329733;
20000, 10000, 50,98560971, 20, 324048;
20000, 10000, 50,98560971, 20, 317797;
20000, 10000, 50,99522863, 20, 340387;
20000, 10000, 50,99522863, 20, 335205;
20000, 10000, 50,99522863, 20, 376985;
20000, 10000, 50,98924709, 20, 336093;
20000, 10000, 75,149101411, 20, 486541;
20000, 10000, 75,149534531, 20, 498224;
20000, 10000, 75,149534531, 20, 510602;
20000, 10000, 75,149580064, 20, 492877;
20000, 10000, 75,149580064, 20, 491735;
20000, 10000, 75,149528474, 20, 520758;
20000, 10000, 75,149528474, 20, 495366;
20000, 10000, 75,149220849, 20, 490108;
20000, 10000, 75,149220849, 20, 479434;
20000, 10000, 75,149231578, 20, 493571;
20000, 10000, 100,199989817, 20, 663438;
20000, 10000, 100,199989537, 20, 673049;
20000, 10000, 100,199989799, 20, 647983;
20000, 10000, 100,199989799, 20, 644745;
20000, 10000, 100,199989509, 20, 647689;
20000, 10000, 100,199989708, 20, 673805;
20000, 10000, 100,199989708, 20, 653558;
20000, 10000, 100,199989841, 20, 649155;
20000, 10000, 100,199989629, 20, 647394;
20000, 10000, 100,199989629, 20, 668627;
20000, 1000000, 0,20000, 20, 108;
20000, 1000000, 0,20000, 20, 81;
20000, 1000000, 0,20000, 20, 82;
20000, 1000000, 0,20000, 20, 81;
20000, 1000000, 0,20000, 20, 87;
20000, 1000000, 0,20000, 20, 119;
20000, 1000000, 0,20000, 20, 86;
20000, 1000000, 0,20000, 20, 81;
20000, 1000000, 0,20000, 20, 81;
20000, 1000000, 0,20000, 20, 81;
20000, 1000000, 25,48282358, 20, 154710;
20000, 1000000, 25,48282358, 20, 173017;
20000, 1000000, 25,48282358, 20, 155512;
20000, 1000000, 25,48282358, 20, 156827;
20000, 1000000, 25,48542840, 20, 167013;
20000, 1000000, 25,48542840, 20, 158764;
20000, 1000000, 25,48542840, 20, 157198;
20000, 1000000, 25,48542840, 20, 171665;
20000, 1000000, 25,48542840, 20, 155759;
20000, 1000000, 25,48542840, 20, 155580;
20000, 1000000, 50,98034829, 20, 324535;
20000, 1000000, 50,98034829, 20, 313921;
20000, 1000000, 50,98034829, 20, 317892;
20000, 1000000, 50,98849576, 20, 332725;
20000, 1000000, 50,98849576, 20, 330981;
20000, 1000000, 50,98849576, 20, 328699;
20000, 1000000, 50,98491854, 20, 330985;
20000, 1000000, 50,98491854, 20, 320054;
20000, 1000000, 50,98491854, 20, 335037;
20000, 1000000, 50,97775790, 20, 319523;
20000, 1000000, 75,148910632, 20, 484185;
20000, 1000000, 75,148910632, 20, 500175;
20000, 1000000, 75,148678755, 20, 496180;
20000, 1000000, 75,148678755, 20, 609795;
20000, 1000000, 75,148298408, 20, 488992;
20000, 1000000, 75,149781252, 20, 492214;
20000, 1000000, 75,149781252, 20, 489259;
20000, 1000000, 75,148935382, 20, 512070;
20000, 1000000, 75,148935382, 20, 507446;
20000, 1000000, 75,149413533, 20, 497359;
20000, 1000000, 100,200003900, 20, 657907;
20000, 1000000, 100,200003926, 20, 644714;
20000, 1000000, 100,200003926, 20, 708338;
20000, 1000000, 100,200003739, 20, 676176;
20000, 1000000, 100,200003978, 20, 674003;
20000, 1000000, 100,200003978, 20, 657332;
20000, 1000000, 100,200004002, 20, 662944;
20000, 1000000, 100,200003950, 20, 675967;
20000, 1000000, 100,200003950, 20, 647356;
20000, 1000000, 100,200003904, 20, 645735;
20000, 100000000, 0,20000, 20, 86;
20000, 100000000, 0,20000, 20, 87;
20000, 100000000, 0,20000, 20, 87;
20000, 100000000, 0,20000, 20, 81;
20000, 100000000, 0,20000, 20, 81;
20000, 100000000, 0,20000, 20, 81;
20000, 100000000, 0,20000, 20, 81;
20000, 100000000, 0,20000, 20, 81;
20000, 100000000, 0,20000, 20, 81;
20000, 100000000, 0,20000, 20, 81;
20000, 100000000, 25,48378343, 20, 153632;
20000, 100000000, 25,48378343, 20, 154777;
20000, 100000000, 25,48378343, 20, 172793;
20000, 100000000, 25,48378343, 20, 153573;
20000, 100000000, 25,48378343, 20, 154367;
20000, 100000000, 25,49194408, 20, 169355;
20000, 100000000, 25,49194408, 20, 156454;
20000, 100000000, 25,49194408, 20, 167392;
20000, 100000000, 25,49194408, 20, 163905;
20000, 100000000, 25,49194408, 20, 156215;
20000, 100000000, 50,99382697, 20, 324930;
20000, 100000000, 50,99026297, 20, 318936;
20000, 100000000, 50,99026297, 20, 337677;
20000, 100000000, 50,99026297, 20, 322891;
20000, 100000000, 50,97514334, 20, 318812;
20000, 100000000, 50,97514334, 20, 323359;
20000, 100000000, 50,97514334, 20, 312746;
20000, 100000000, 50,99491753, 20, 334975;
20000, 100000000, 50,99491753, 20, 329111;
20000, 100000000, 50,99491753, 20, 316370;
20000, 100000000, 75,149286678, 20, 496615;
20000, 100000000, 75,149286678, 20, 493773;
20000, 100000000, 75,149176809, 20, 496622;
20000, 100000000, 75,149176809, 20, 492725;
20000, 100000000, 75,148915485, 20, 503684;
20000, 100000000, 75,148915485, 20, 491833;
20000, 100000000, 75,148224516, 20, 489825;
20000, 100000000, 75,148224516, 20, 484964;
20000, 100000000, 75,149002017, 20, 482652;
20000, 100000000, 75,149002017, 20, 490916;
20000, 100000000, 100,200003892, 20, 655698;
20000, 100000000, 100,200003892, 20, 650349;
20000, 100000000, 100,200003825, 20, 662746;
20000, 100000000, 100,200003909, 20, 648853;
20000, 100000000, 100,200003909, 20, 655874;
20000, 100000000, 100,200003886, 20, 658137;
20000, 100000000, 100,200003913, 20, 646183;
20000, 100000000, 100,200003913, 20, 639530;
20000, 100000000, 100,200003875, 20, 651570;
20000, 100000000, 100,200003894, 20, 664671;
30000, 100, 0,30000, 20, 122;
30000, 100, 0,30000, 20, 122;
30000, 100, 0,30000, 20, 131;
30000, 100, 0,30000, 20, 130;
30000, 100, 0,30000, 20, 130;
30000, 100, 0,30000, 20, 131;
30000, 100, 0,30000, 20, 131;
30000, 100, 0,30000, 20, 130;
30000, 100, 0,30000, 20, 130;
30000, 100, 0,30000, 20, 130;
30000, 100, 25,105697339, 20, 348360;
30000, 100, 25,106593070, 20, 354124;
30000, 100, 25,106593070, 20, 341546;
30000, 100, 25,106593070, 20, 349409;
30000, 100, 25,105918766, 20, 355263;
30000, 100, 25,105918766, 20, 347015;
30000, 100, 25,105318632, 20, 341187;
30000, 100, 25,105318632, 20, 360827;
30000, 100, 25,105318632, 20, 340200;
30000, 100, 25,105160850, 20, 344101;
30000, 100, 50,216772031, 20, 698320;
30000, 100, 50,220135202, 20, 701636;
30000, 100, 50,220135202, 20, 720319;
30000, 100, 50,215231014, 20, 693873;
30000, 100, 50,217862724, 20, 685569;
30000, 100, 50,218672803, 20, 701536;
30000, 100, 50,218672803, 20, 709254;
30000, 100, 50,216951905, 20, 697642;
30000, 100, 50,215349016, 20, 704404;
30000, 100, 50,215349016, 20, 707401;
30000, 100, 75,330723389, 20, 1081275;
30000, 100, 75,331683641, 20, 1067458;
30000, 100, 75,331227093, 20, 1066673;
30000, 100, 75,331785005, 20, 1088146;
30000, 100, 75,329930390, 20, 1060912;
30000, 100, 75,332459444, 20, 1075355;
30000, 100, 75,330344583, 20, 1066409;
30000, 100, 75,330076371, 20, 1070832;
30000, 100, 75,332183496, 20, 1073175;
30000, 100, 75,330688920, 20, 1070483;
30000, 100, 100,445561128, 20, 1445748;
30000, 100, 100,445557523, 20, 1450377;
30000, 100, 100,445555826, 20, 1439250;
30000, 100, 100,445561813, 20, 1438325;
30000, 100, 100,445561868, 20, 1457368;
30000, 100, 100,445555003, 20, 1451082;
30000, 100, 100,445558480, 20, 1440344;
30000, 100, 100,445558532, 20, 1431307;
30000, 100, 100,445556189, 20, 1476026;
30000, 100, 100,445558524, 20, 1434170;
30000, 10000, 0,30000, 20, 131;
30000, 10000, 0,30000, 20, 130;
30000, 10000, 0,30000, 20, 204;
30000, 10000, 0,30000, 20, 130;
30000, 10000, 0,30000, 20, 130;
30000, 10000, 0,30000, 20, 131;
30000, 10000, 0,30000, 20, 130;
30000, 10000, 0,30000, 20, 130;
30000, 10000, 0,30000, 20, 231;
30000, 10000, 0,30000, 20, 223;
30000, 10000, 25,106210727, 20, 353733;
30000, 10000, 25,106210727, 20, 349247;
30000, 10000, 25,106210727, 20, 366879;
30000, 10000, 25,107565172, 20, 358165;
30000, 10000, 25,107565172, 20, 380400;
30000, 10000, 25,107565172, 20, 429152;
30000, 10000, 25,105974893, 20, 403367;
30000, 10000, 25,105974893, 20, 395420;
30000, 10000, 25,107132180, 20, 403151;
30000, 10000, 25,107132180, 20, 450865;
30000, 10000, 50,219587283, 20, 733635;
30000, 10000, 50,219587283, 20, 716646;
30000, 10000, 50,220002854, 20, 736298;
30000, 10000, 50,220927395, 20, 745264;
30000, 10000, 50,220927395, 20, 706664;
30000, 10000, 50,220786384, 20, 745909;
30000, 10000, 50,219765824, 20, 776065;
30000, 10000, 50,219748202, 20, 730372;
30000, 10000, 50,219748202, 20, 759352;
30000, 10000, 50,220451457, 20, 751535;
30000, 10000, 75,335122793, 20, 1111566;
30000, 10000, 75,336072663, 20, 1122638;
30000, 10000, 75,334351047, 20, 1119330;
30000, 10000, 75,333856130, 20, 1115906;
30000, 10000, 75,333389859, 20, 1176721;
30000, 10000, 75,333025166, 20, 1124645;
30000, 10000, 75,333646877, 20, 1086210;
30000, 10000, 75,334828271, 20, 1149283;
30000, 10000, 75,334488458, 20, 1200607;
30000, 10000, 75,334415288, 20, 1135514;
30000, 10000, 100,449969059, 20, 1459593;
30000, 10000, 100,449969430, 20, 1478411;
30000, 10000, 100,449969210, 20, 1510793;
30000, 10000, 100,449969256, 20, 1475741;
30000, 10000, 100,449969151, 20, 1496445;
30000, 10000, 100,449969506, 20, 1995092;
30000, 10000, 100,449969288, 20, 1533670;
30000, 10000, 100,449969443, 20, 1498249;
30000, 10000, 100,449969359, 20, 1472162;
30000, 10000, 100,449969066, 20, 1486839;
30000, 1000000, 0,30000, 20, 122;
30000, 1000000, 0,30000, 20, 130;
30000, 1000000, 0,30000, 20, 122;
30000, 1000000, 0,30000, 20, 131;
30000, 1000000, 0,30000, 20, 122;
30000, 1000000, 0,30000, 20, 204;
30000, 1000000, 0,30000, 20, 130;
30000, 1000000, 0,30000, 20, 130;
30000, 1000000, 0,30000, 20, 130;
30000, 1000000, 0,30000, 20, 130;
30000, 1000000, 25,104972350, 20, 364916;
30000, 1000000, 25,104972350, 20, 364306;
30000, 1000000, 25,105779910, 20, 365416;
30000, 1000000, 25,105779910, 20, 336655;
30000, 1000000, 25,105779910, 20, 365061;
30000, 1000000, 25,106796364, 20, 418608;
30000, 1000000, 25,106796364, 20, 453056;
30000, 1000000, 25,107109999, 20, 452690;
30000, 1000000, 25,107109999, 20, 449034;
30000, 1000000, 25,105821449, 20, 356762;
30000, 1000000, 50,219798717, 20, 724706;
30000, 1000000, 50,222052754, 20, 719728;
30000, 1000000, 50,222052754, 20, 729671;
30000, 1000000, 50,219183921, 20, 733859;
30000, 1000000, 50,220361823, 20, 767009;
30000, 1000000, 50,219618566, 20, 741310;
30000, 1000000, 50,219618566, 20, 721384;
30000, 1000000, 50,218929330, 20, 718861;
30000, 1000000, 50,218574410, 20, 713033;
30000, 1000000, 50,219061761, 20, 698157;
30000, 1000000, 75,334889445, 20, 1082804;
30000, 1000000, 75,334667347, 20, 1078715;
30000, 1000000, 75,332888810, 20, 1084210;
30000, 1000000, 75,334675102, 20, 1077645;
30000, 1000000, 75,333530473, 20, 1072394;
30000, 1000000, 75,335366771, 20, 1073589;
30000, 1000000, 75,334778234, 20, 1095868;
30000, 1000000, 75,333675497, 20, 1069521;
30000, 1000000, 75,333512911, 20, 1139479;
30000, 1000000, 75,335285512, 20, 1188749;
30000, 1000000, 100,450001260, 20, 1450504;
30000, 1000000, 100,450000987, 20, 1455352;
30000, 1000000, 100,450001434, 20, 1456511;
30000, 1000000, 100,450001317, 20, 1605664;
30000, 1000000, 100,450001323, 20, 1422767;
30000, 1000000, 100,450001391, 20, 1467666;
30000, 1000000, 100,450001215, 20, 1466907;
30000, 1000000, 100,450001289, 20, 1536882;
30000, 1000000, 100,450001231, 20, 1855361;
30000, 1000000, 100,450001400, 20, 1621231;
30000, 100000000, 0,30000, 20, 130;
30000, 100000000, 0,30000, 20, 225;
30000, 100000000, 0,30000, 20, 209;
30000, 100000000, 0,30000, 20, 208;
30000, 100000000, 0,30000, 20, 209;
30000, 100000000, 0,30000, 20, 130;
30000, 100000000, 0,30000, 20, 130;
30000, 100000000, 0,30000, 20, 130;
30000, 100000000, 0,30000, 20, 131;
30000, 100000000, 0,30000, 20, 210;
30000, 100000000, 25,106920539, 20, 409676;
30000, 100000000, 25,106920539, 20, 370803;
30000, 100000000, 25,105459837, 20, 358185;
30000, 100000000, 25,105459837, 20, 369994;
30000, 100000000, 25,107785983, 20, 505560;
30000, 100000000, 25,107785983, 20, 500434;
30000, 100000000, 25,105485571, 20, 479847;
30000, 100000000, 25,105485571, 20, 443084;
30000, 100000000, 25,105485571, 20, 358894;
30000, 100000000, 25,107776867, 20, 363901;
30000, 100000000, 50,220488757, 20, 743294;
30000, 100000000, 50,218865801, 20, 794384;
30000, 100000000, 50,219156850, 20, 989897;
30000, 100000000, 50,219241837, 20, 878274;
30000, 100000000, 50,221349761, 20, 716553;
30000, 100000000, 50,221349761, 20, 725720;
30000, 100000000, 50,220777347, 20, 729941;
30000, 100000000, 50,220026502, 20, 714381;
30000, 100000000, 50,220177609, 20, 719608;
30000, 100000000, 50,220177609, 20, 785142;
30000, 100000000, 75,334636562, 20, 1162057;
30000, 100000000, 75,335647768, 20, 1372732;
30000, 100000000, 75,333208547, 20, 1333815;
30000, 100000000, 75,333524921, 20, 1430759;
30000, 100000000, 75,334302236, 20, 1392909;
30000, 100000000, 75,334467049, 20, 1191956;
30000, 100000000, 75,333688165, 20, 1156369;
30000, 100000000, 75,335988120, 20, 1115685;
30000, 100000000, 75,334557018, 20, 1140893;
30000, 100000000, 75,334812609, 20, 1101944;
30000, 100000000, 100,450001184, 20, 1506725;
30000, 100000000, 100,450001224, 20, 1480939;
30000, 100000000, 100,450001132, 20, 1486205;
30000, 100000000, 100,450001071, 20, 1505872;
30000, 100000000, 100,450001049, 20, 1495022;
30000, 100000000, 100,450001317, 20, 1483924;
30000, 100000000, 100,450001262, 20, 1493890;
30000, 100000000, 100,450001375, 20, 1560172;
30000, 100000000, 100,450001117, 20, 1506040;
30000, 100000000, 100,450001248, 20, 1680299;
40000, 100, 0,40000, 20, 174;
40000, 100, 0,40000, 20, 173;
40000, 100, 0,40000, 20, 179;
40000, 100, 0,40000, 20, 174;
40000, 100, 0,40000, 20, 324;
40000, 100, 0,40000, 20, 174;
40000, 100, 0,40000, 20, 204;
40000, 100, 0,40000, 20, 179;
40000, 100, 0,40000, 20, 184;
40000, 100, 0,40000, 20, 165;
40000, 100, 25,188959510, 20, 627720;
40000, 100, 25,188627270, 20, 643639;
40000, 100, 25,188627270, 20, 647516;
40000, 100, 25,188265595, 20, 642795;
40000, 100, 25,189987323, 20, 637217;
40000, 100, 25,189987323, 20, 626871;
40000, 100, 25,187734602, 20, 656718;
40000, 100, 25,186524962, 20, 794093;
40000, 100, 25,186524962, 20, 618208;
40000, 100, 25,190066823, 20, 651194;
40000, 100, 50,384789625, 20, 1301094;
40000, 100, 50,385424692, 20, 1287399;
40000, 100, 50,386642231, 20, 1296588;
40000, 100, 50,388487400, 20, 1299545;
40000, 100, 50,385541859, 20, 1249287;
40000, 100, 50,385529677, 20, 1235617;
40000, 100, 50,383208762, 20, 1233417;
40000, 100, 50,383165634, 20, 1230618;
40000, 100, 50,388465887, 20, 1253241;
40000, 100, 50,385492102, 20, 1251471;
40000, 100, 75,590297837, 20, 1905393;
40000, 100, 75,587971680, 20, 1916143;
40000, 100, 75,587749540, 20, 1908636;
40000, 100, 75,587141337, 20, 2040042;
40000, 100, 75,587172781, 20, 2095271;
40000, 100, 75,588510243, 20, 1888859;
40000, 100, 75,590250120, 20, 1885098;
40000, 100, 75,589110539, 20, 1887419;
40000, 100, 75,588542280, 20, 1890941;
40000, 100, 75,591412914, 20, 1889543;
40000, 100, 100,792092546, 20, 2538502;
40000, 100, 100,792097461, 20, 2538314;
40000, 100, 100,792093728, 20, 2537665;
40000, 100, 100,792102725, 20, 2543424;
40000, 100, 100,792102036, 20, 2544294;
40000, 100, 100,792099884, 20, 2540675;
40000, 100, 100,792096276, 20, 2531472;
40000, 100, 100,792099168, 20, 2531241;
40000, 100, 100,792098420, 20, 2529071;
40000, 100, 100,792096182, 20, 2534906;
40000, 10000, 0,40000, 20, 174;
40000, 10000, 0,40000, 20, 163;
40000, 10000, 0,40000, 20, 163;
40000, 10000, 0,40000, 20, 163;
40000, 10000, 0,40000, 20, 163;
40000, 10000, 0,40000, 20, 176;
40000, 10000, 0,40000, 20, 174;
40000, 10000, 0,40000, 20, 174;
40000, 10000, 0,40000, 20, 163;
40000, 10000, 0,40000, 20, 163;
40000, 10000, 25,189349549, 20, 603056;
40000, 10000, 25,191116602, 20, 620713;
40000, 10000, 25,192078334, 20, 627941;
40000, 10000, 25,192078334, 20, 618115;
40000, 10000, 25,190119149, 20, 604382;
40000, 10000, 25,191319527, 20, 616275;
40000, 10000, 25,191319527, 20, 620508;
40000, 10000, 25,191494925, 20, 619035;
40000, 10000, 25,191494925, 20, 634676;
40000, 10000, 25,189448422, 20, 600633;
40000, 10000, 50,390762758, 20, 1260033;
40000, 10000, 50,389116961, 20, 1248554;
40000, 10000, 50,391494122, 20, 1260796;
40000, 10000, 50,387499735, 20, 1248702;
40000, 10000, 50,391842628, 20, 1252205;
40000, 10000, 50,389499747, 20, 1247699;
40000, 10000, 50,389241704, 20, 1244149;
40000, 10000, 50,386819614, 20, 1241733;
40000, 10000, 50,392788118, 20, 1273305;
40000, 10000, 50,390526817, 20, 1255477;
40000, 10000, 75,592410228, 20, 1951266;
40000, 10000, 75,595908058, 20, 1973582;
40000, 10000, 75,594162598, 20, 1942075;
40000, 10000, 75,595827374, 20, 1925519;
40000, 10000, 75,593012052, 20, 1893898;
40000, 10000, 75,593183896, 20, 1908561;
40000, 10000, 75,595721029, 20, 1905532;
40000, 10000, 75,590271753, 20, 1887134;
40000, 10000, 75,594799080, 20, 1922265;
40000, 10000, 75,589778507, 20, 1893967;
40000, 10000, 100,799939095, 20, 2579225;
40000, 10000, 100,799938301, 20, 2549416;
40000, 10000, 100,799939482, 20, 2558247;
40000, 10000, 100,799938448, 20, 2563536;
40000, 10000, 100,799938934, 20, 2563152;
40000, 10000, 100,799938462, 20, 2557450;
40000, 10000, 100,799938402, 20, 2542927;
40000, 10000, 100,799938604, 20, 2555353;
40000, 10000, 100,799938818, 20, 2551427;
40000, 10000, 100,799938924, 20, 2567352;
40000, 1000000, 0,40000, 20, 163;
40000, 1000000, 0,40000, 20, 163;
40000, 1000000, 0,40000, 20, 174;
40000, 1000000, 0,40000, 20, 163;
40000, 1000000, 0,40000, 20, 163;
40000, 1000000, 0,40000, 20, 174;
40000, 1000000, 0,40000, 20, 163;
40000, 1000000, 0,40000, 20, 174;
40000, 1000000, 0,40000, 20, 174;
40000, 1000000, 0,40000, 20, 163;
40000, 1000000, 25,189728412, 20, 607760;
40000, 1000000, 25,190740292, 20, 615397;
40000, 1000000, 25,192333187, 20, 624949;
40000, 1000000, 25,192333187, 20, 631343;
40000, 1000000, 25,193350924, 20, 611454;
40000, 1000000, 25,191435971, 20, 619844;
40000, 1000000, 25,191435971, 20, 622707;
40000, 1000000, 25,192838627, 20, 618622;
40000, 1000000, 25,192838627, 20, 626754;
40000, 1000000, 25,190507905, 20, 603067;
40000, 1000000, 50,387381072, 20, 1235055;
40000, 1000000, 50,388155430, 20, 1252643;
40000, 1000000, 50,388599382, 20, 1242294;
40000, 1000000, 50,392004475, 20, 1247405;
40000, 1000000, 50,390024659, 20, 1252672;
40000, 1000000, 50,387681689, 20, 1246428;
40000, 1000000, 50,388246485, 20, 1246131;
40000, 1000000, 50,386908612, 20, 1244272;
40000, 1000000, 50,387306858, 20, 1241677;
40000, 1000000, 50,393617846, 20, 1275058;
40000, 1000000, 75,593907697, 20, 2007981;
40000, 1000000, 75,593070021, 20, 2012220;
40000, 1000000, 75,594807787, 20, 2018192;
40000, 1000000, 75,593516854, 20, 1943500;
40000, 1000000, 75,595998854, 20, 1998392;
40000, 1000000, 75,592949056, 20, 1969334;
40000, 1000000, 75,592805855, 20, 1928488;
40000, 1000000, 75,592568787, 20, 1956034;
40000, 1000000, 75,597368608, 20, 1956812;
40000, 1000000, 75,596784167, 20, 1953086;
40000, 1000000, 100,799995576, 20, 2872043;
40000, 1000000, 100,799995691, 20, 2622440;
40000, 1000000, 100,799995609, 20, 2602274;
40000, 1000000, 100,799995614, 20, 2634695;
40000, 1000000, 100,799995511, 20, 2623649;
40000, 1000000, 100,799995799, 20, 2572991;
40000, 1000000, 100,799995568, 20, 2629902;
40000, 1000000, 100,799995613, 20, 2540406;
40000, 1000000, 100,799995472, 20, 2522567;
40000, 1000000, 100,799996034, 20, 2583100;
40000, 100000000, 0,40000, 20, 174;
40000, 100000000, 0,40000, 20, 174;
40000, 100000000, 0,40000, 20, 173;
40000, 100000000, 0,40000, 20, 163;
40000, 100000000, 0,40000, 20, 163;
40000, 100000000, 0,40000, 20, 163;
40000, 100000000, 0,40000, 20, 163;
40000, 100000000, 0,40000, 20, 174;
40000, 100000000, 0,40000, 20, 163;
40000, 100000000, 0,40000, 20, 163;
40000, 100000000, 25,190075380, 20, 607767;
40000, 100000000, 25,190075380, 20, 621580;
40000, 100000000, 25,191215988, 20, 625653;
40000, 100000000, 25,191780557, 20, 626550;
40000, 100000000, 25,191780557, 20, 614877;
40000, 100000000, 25,191154784, 20, 619045;
40000, 100000000, 25,191154784, 20, 626098;
40000, 100000000, 25,188223953, 20, 606323;
40000, 100000000, 25,190888555, 20, 617633;
40000, 100000000, 25,190888555, 20, 612677;
40000, 100000000, 50,388315287, 20, 1250234;
40000, 100000000, 50,390623989, 20, 1248073;
40000, 100000000, 50,392193356, 20, 1269843;
40000, 100000000, 50,394595893, 20, 1263638;
40000, 100000000, 50,387578251, 20, 1243885;
40000, 100000000, 50,390577954, 20, 1261340;
40000, 100000000, 50,390250856, 20, 1250743;
40000, 100000000, 50,389913342, 20, 1252171;
40000, 100000000, 50,390440300, 20, 1258026;
40000, 100000000, 50,388329390, 20, 1247551;
40000, 100000000, 75,591428332, 20, 1903573;
40000, 100000000, 75,592401503, 20, 1912628;
40000, 100000000, 75,594026826, 20, 1918354;
40000, 100000000, 75,595101679, 20, 1957271;
40000, 100000000, 75,595378192, 20, 1974719;
40000, 100000000, 75,594863022, 20, 1941815;
40000, 100000000, 75,593234308, 20, 1959490;
40000, 100000000, 75,595971846, 20, 1973006;
40000, 100000000, 75,595167915, 20, 1932393;
40000, 100000000, 75,592657142, 20, 1914427;
40000, 100000000, 100,799995732, 20, 2644711;
40000, 100000000, 100,799995490, 20, 2692589;
40000, 100000000, 100,799995664, 20, 2738019;
40000, 100000000, 100,799995536, 20, 2588717;
40000, 100000000, 100,799995486, 20, 2719364;
40000, 100000000, 100,799995631, 20, 2583584;
40000, 100000000, 100,799995455, 20, 3374553;
40000, 100000000, 100,799995385, 20, 2912241;
40000, 100000000, 100,799995520, 20, 2716184;
40000, 100000000, 100,799996020, 20, 2533690;
50000, 100, 0,50000, 20, 204;
50000, 100, 0,50000, 20, 204;
50000, 100, 0,50000, 20, 204;
50000, 100, 0,50000, 20, 204;
50000, 100, 0,50000, 20, 222;
50000, 100, 0,50000, 20, 204;
50000, 100, 0,50000, 20, 204;
50000, 100, 0,50000, 20, 203;
50000, 100, 0,50000, 20, 204;
50000, 100, 0,50000, 20, 204;
50000, 100, 25,278225619, 20, 882097;
50000, 100, 25,285732603, 20, 921256;
50000, 100, 25,280125767, 20, 898298;
50000, 100, 25,280627976, 20, 883240;
50000, 100, 25,280627976, 20, 921112;
50000, 100, 25,280716838, 20, 898551;
50000, 100, 25,278372799, 20, 904375;
50000, 100, 25,276983713, 20, 880911;
50000, 100, 25,278959660, 20, 916224;
50000, 100, 25,279554309, 20, 889747;
50000, 100, 50,594448859, 20, 1896708;
50000, 100, 50,593982240, 20, 1898491;
50000, 100, 50,592660103, 20, 2011851;
50000, 100, 50,592081896, 20, 1996756;
50000, 100, 50,593851741, 20, 1949844;
50000, 100, 50,598600052, 20, 1945081;
50000, 100, 50,597132785, 20, 1939328;
50000, 100, 50,595264082, 20, 1910360;
50000, 100, 50,597508256, 20, 1916995;
50000, 100, 50,592195749, 20, 1897738;
50000, 100, 75,916446410, 20, 2928109;
50000, 100, 75,915134211, 20, 3003091;
50000, 100, 75,912408257, 20, 2904775;
50000, 100, 75,916831880, 20, 2915235;
50000, 100, 75,915629344, 20, 2939933;
50000, 100, 75,912964568, 20, 2924661;
50000, 100, 75,914740330, 20, 2929631;
50000, 100, 75,919076408, 20, 2930476;
50000, 100, 75,916721101, 20, 3044292;
50000, 100, 75,917394149, 20, 2917935;
50000, 100, 100,1237650803, 20, 3954547;
50000, 100, 100,1237651817, 20, 3951794;
50000, 100, 100,1237649158, 20, 3949304;
50000, 100, 100,1237657686, 20, 3983955;
50000, 100, 100,1237645687, 20, 4186755;
50000, 100, 100,1237650503, 20, 4335190;
50000, 100, 100,1237653916, 20, 4123393;
50000, 100, 100,1237650423, 20, 4314268;
50000, 100, 100,1237653103, 20, 3985598;
50000, 100, 100,1237641444, 20, 4463220;
50000, 10000, 0,50000, 20, 219;
50000, 10000, 0,50000, 20, 432;
50000, 10000, 0,50000, 20, 219;
50000, 10000, 0,50000, 20, 218;
50000, 10000, 0,50000, 20, 218;
50000, 10000, 0,50000, 20, 329;
50000, 10000, 0,50000, 20, 221;
50000, 10000, 0,50000, 20, 219;
50000, 10000, 0,50000, 20, 377;
50000, 10000, 0,50000, 20, 363;
50000, 10000, 25,282748907, 20, 1079902;
50000, 10000, 25,286744197, 20, 1029513;
50000, 10000, 25,285332318, 20, 917837;
50000, 10000, 25,284555785, 20, 916989;
50000, 10000, 25,280033689, 20, 887095;
50000, 10000, 25,280033689, 20, 1044708;
50000, 10000, 25,283102890, 20, 921170;
50000, 10000, 25,283102890, 20, 904221;
50000, 10000, 25,280390656, 20, 1045730;
50000, 10000, 25,280336888, 20, 920678;
50000, 10000, 50,598869544, 20, 2067366;
50000, 10000, 50,597229345, 20, 2115369;
50000, 10000, 50,603810557, 20, 2009876;
50000, 10000, 50,600076965, 20, 1923683;
50000, 10000, 50,601765384, 20, 1923812;
50000, 10000, 50,604862833, 20, 1927609;
50000, 10000, 50,601071553, 20, 1998507;
50000, 10000, 50,599959731, 20, 1933455;
50000, 10000, 50,601789330, 20, 2126266;
50000, 10000, 50,602102210, 20, 2032921;
50000, 10000, 75,923639721, 20, 3121390;
50000, 10000, 75,925805976, 20, 3107518;
50000, 10000, 75,921277760, 20, 2951863;
50000, 10000, 75,926466241, 20, 3007894;
50000, 10000, 75,921678977, 20, 3189718;
50000, 10000, 75,924892791, 20, 2963223;
50000, 10000, 75,922498595, 20, 3063100;
50000, 10000, 75,926330029, 20, 3239045;
50000, 10000, 75,924767751, 20, 3152101;
50000, 10000, 75,924948897, 20, 2965109;
50000, 10000, 100,1249897447, 20, 4277535;
50000, 10000, 100,1249897361, 20, 4573527;
50000, 10000, 100,1249897845, 20, 3984155;
50000, 10000, 100,1249897834, 20, 3977621;
50000, 10000, 100,1249897506, 20, 4464306;
50000, 10000, 100,1249897320, 20, 4465035;
50000, 10000, 100,1249897537, 20, 4306812;
50000, 10000, 100,1249897711, 20, 4090297;
50000, 10000, 100,1249897158, 20, 4077322;
50000, 10000, 100,1249897795, 20, 4008434;
50000, 1000000, 0,50000, 20, 217;
50000, 1000000, 0,50000, 20, 217;
50000, 1000000, 0,50000, 20, 217;
50000, 1000000, 0,50000, 20, 217;
50000, 1000000, 0,50000, 20, 228;
50000, 1000000, 0,50000, 20, 204;
50000, 1000000, 0,50000, 20, 204;
50000, 1000000, 0,50000, 20, 204;
50000, 1000000, 0,50000, 20, 204;
50000, 1000000, 0,50000, 20, 217;
50000, 1000000, 25,282636199, 20, 900667;
50000, 1000000, 25,280883274, 20, 920905;
50000, 1000000, 25,282294990, 20, 913906;
50000, 1000000, 25,281559422, 20, 896502;
50000, 1000000, 25,282257658, 20, 910438;
50000, 1000000, 25,284638933, 20, 910942;
50000, 1000000, 25,282653849, 20, 932568;
50000, 1000000, 25,282653849, 20, 925043;
50000, 1000000, 25,283272161, 20, 920111;
50000, 1000000, 25,282514431, 20, 970171;
50000, 1000000, 50,602847125, 20, 1953735;
50000, 1000000, 50,602396574, 20, 1980157;
50000, 1000000, 50,598148940, 20, 1950509;
50000, 1000000, 50,602166022, 20, 1959005;
50000, 1000000, 50,600429674, 20, 1938972;
50000, 1000000, 50,598880977, 20, 1956525;
50000, 1000000, 50,602051508, 20, 1991793;
50000, 1000000, 50,598266277, 20, 1933366;
50000, 1000000, 50,602771445, 20, 1985584;
50000, 1000000, 50,596986884, 20, 1949717;
50000, 1000000, 75,924285434, 20, 2990196;
50000, 1000000, 75,923127893, 20, 2996788;
50000, 1000000, 75,923878579, 20, 3038661;
50000, 1000000, 75,924717414, 20, 3016841;
50000, 1000000, 75,921620011, 20, 3002864;
50000, 1000000, 75,924297667, 20, 3000136;
50000, 1000000, 75,926377281, 20, 3042025;
50000, 1000000, 75,922981755, 20, 2981157;
50000, 1000000, 75,925464613, 20, 3006042;
50000, 1000000, 75,925002256, 20, 2999173;
50000, 1000000, 100,1249986886, 20, 4056033;
50000, 1000000, 100,1249986759, 20, 4037393;
50000, 1000000, 100,1249986900, 20, 4007319;
50000, 1000000, 100,1249986923, 20, 4042876;
50000, 1000000, 100,1249986827, 20, 4101357;
50000, 1000000, 100,1249987144, 20, 4037763;
50000, 1000000, 100,1249986903, 20, 4208068;
50000, 1000000, 100,1249987116, 20, 4476313;
50000, 1000000, 100,1249986397, 20, 4353298;
50000, 1000000, 100,1249986866, 20, 4188755;
50000, 100000000, 0,50000, 20, 204;
50000, 100000000, 0,50000, 20, 221;
50000, 100000000, 0,50000, 20, 204;
50000, 100000000, 0,50000, 20, 204;
50000, 100000000, 0,50000, 20, 204;
50000, 100000000, 0,50000, 20, 204;
50000, 100000000, 0,50000, 20, 241;
50000, 100000000, 0,50000, 20, 204;
50000, 100000000, 0,50000, 20, 217;
50000, 100000000, 0,50000, 20, 204;
50000, 100000000, 25,283509737, 20, 908507;
50000, 100000000, 25,284230417, 20, 924493;
50000, 100000000, 25,281117016, 20, 911781;
50000, 100000000, 25,283287966, 20, 903793;
50000, 100000000, 25,283008732, 20, 912041;
50000, 100000000, 25,284122106, 20, 909047;
50000, 100000000, 25,282129186, 20, 908889;
50000, 100000000, 25,285473279, 20, 914265;
50000, 100000000, 25,285473279, 20, 923834;
50000, 100000000, 25,281929044, 20, 895673;
50000, 100000000, 50,603644339, 20, 1947126;
50000, 100000000, 50,598553807, 20, 1933417;
50000, 100000000, 50,601893756, 20, 1948069;
50000, 100000000, 50,599181248, 20, 1917286;
50000, 100000000, 50,597456741, 20, 1917139;
50000, 100000000, 50,600106128, 20, 1919460;
50000, 100000000, 50,601401453, 20, 1929884;
50000, 100000000, 50,598397474, 20, 1921666;
50000, 100000000, 50,601900953, 20, 1948338;
50000, 100000000, 50,600948608, 20, 1950674;
50000, 100000000, 75,928290039, 20, 2969223;
50000, 100000000, 75,923960719, 20, 2950111;
50000, 100000000, 75,922449672, 20, 2967762;
50000, 100000000, 75,925601878, 20, 2991999;
50000, 100000000, 75,925749281, 20, 3190471;
50000, 100000000, 75,924697073, 20, 3066224;
50000, 100000000, 75,923017773, 20, 2971864;
50000, 100000000, 75,924322861, 20, 2994324;
50000, 100000000, 75,921949857, 20, 2972865;
50000, 100000000, 75,922451226, 20, 2964876;
50000, 100000000, 100,1249986934, 20, 4099473;
50000, 100000000, 100,1249986745, 20, 4174340;
50000, 100000000, 100,1249987066, 20, 4085286;
50000, 100000000, 100,1249986393, 20, 4059881;
50000, 100000000, 100,1249986855, 20, 4079900;
50000, 100000000, 100,1249986798, 20, 4106826;
50000, 100000000, 100,1249986776, 20, 4116646;
50000, 100000000, 100,1249986890, 20, 4074193;
50000, 100000000, 100,1249986846, 20, 4087400;
50000, 100000000, 100,1249987440, 20, 4129173;
60000, 100, 0,60000, 20, 244;
60000, 100, 0,60000, 20, 244;
60000, 100, 0,60000, 20, 244;
60000, 100, 0,60000, 20, 244;
60000, 100, 0,60000, 20, 260;
60000, 100, 0,60000, 20, 260;
60000, 100, 0,60000, 20, 244;
60000, 100, 0,60000, 20, 260;
60000, 100, 0,60000, 20, 244;
60000, 100, 0,60000, 20, 244;
60000, 100, 25,411358533, 20, 1323902;
60000, 100, 25,410782705, 20, 1338258;
60000, 100, 25,409827941, 20, 1386668;
60000, 100, 25,408447245, 20, 1336645;
60000, 100, 25,411014334, 20, 1340894;
60000, 100, 25,409040739, 20, 1342079;
60000, 100, 25,411032112, 20, 1332111;
60000, 100, 25,411264842, 20, 1324459;
60000, 100, 25,411631105, 20, 1338204;
60000, 100, 25,405764474, 20, 1317961;
60000, 100, 50,854163880, 20, 2774366;
60000, 100, 50,858887946, 20, 2804281;
60000, 100, 50,853789631, 20, 2803048;
60000, 100, 50,856541344, 20, 2778773;
60000, 100, 50,853875008, 20, 2762210;
60000, 100, 50,858161393, 20, 2810126;
60000, 100, 50,859080947, 20, 2778531;
60000, 100, 50,855742559, 20, 2793658;
60000, 100, 50,856165780, 20, 2764686;
60000, 100, 50,857938887, 20, 2764612;
60000, 100, 75,1316866668, 20, 4248207;
60000, 100, 75,1316633900, 20, 4253141;
60000, 100, 75,1317235262, 20, 4253576;
60000, 100, 75,1318791889, 20, 4240833;
60000, 100, 75,1317163970, 20, 4232450;
60000, 100, 75,1314800945, 20, 4248622;
60000, 100, 75,1316001714, 20, 4357125;
60000, 100, 75,1317008212, 20, 4288793;
60000, 100, 75,1315839134, 20, 4249224;
60000, 100, 75,1319165554, 20, 4286744;
60000, 100, 100,1782197312, 20, 5768418;
60000, 100, 100,1782210364, 20, 5793664;
60000, 100, 100,1782203385, 20, 5790037;
60000, 100, 100,1782206767, 20, 5812025;
60000, 100, 100,1782213232, 20, 5811720;
60000, 100, 100,1782206856, 20, 5785581;
60000, 100, 100,1782207626, 20, 5788369;
60000, 100, 100,1782213197, 20, 5805297;
60000, 100, 100,1782212115, 20, 5760960;
60000, 100, 100,1782204343, 20, 5727809;
60000, 10000, 0,60000, 20, 297;
60000, 10000, 0,60000, 20, 263;
60000, 10000, 0,60000, 20, 244;
60000, 10000, 0,60000, 20, 261;
60000, 10000, 0,60000, 20, 260;
60000, 10000, 0,60000, 20, 245;
60000, 10000, 0,60000, 20, 260;
60000, 10000, 0,60000, 20, 261;
60000, 10000, 0,60000, 20, 244;
60000, 10000, 0,60000, 20, 261;
60000, 10000, 25,414261164, 20, 1337810;
60000, 10000, 25,413179996, 20, 1332577;
60000, 10000, 25,413875076, 20, 1342200;
60000, 10000, 25,414191839, 20, 1346780;
60000, 10000, 25,408927896, 20, 1318148;
60000, 10000, 25,413476690, 20, 1325886;
60000, 10000, 25,419368239, 20, 1359923;
60000, 10000, 25,415553608, 20, 1345250;
60000, 10000, 25,416229988, 20, 1350142;
60000, 10000, 25,409499882, 20, 1329931;
60000, 10000, 50,861957640, 20, 2773039;
60000, 10000, 50,866572996, 20, 2808053;
60000, 10000, 50,864301162, 20, 2767746;
60000, 10000, 50,861714185, 20, 2802169;
60000, 10000, 50,863298192, 20, 2790237;
60000, 10000, 50,866011714, 20, 2815324;
60000, 10000, 50,864612292, 20, 2785589;
60000, 10000, 50,865074673, 20, 2774524;
60000, 10000, 50,871874137, 20, 2792621;
60000, 10000, 50,866660910, 20, 2804596;
60000, 10000, 75,1325833794, 20, 4271474;
60000, 10000, 75,1331134864, 20, 4399050;
60000, 10000, 75,1331206490, 20, 4340838;
60000, 10000, 75,1331606336, 20, 4272166;
60000, 10000, 75,1334370041, 20, 4303808;
60000, 10000, 75,1333526551, 20, 4319562;
60000, 10000, 75,1337451607, 20, 4313081;
60000, 10000, 75,1332528862, 20, 4306735;
60000, 10000, 75,1334481280, 20, 4321197;
60000, 10000, 75,1331049208, 20, 4325399;
60000, 10000, 100,1799846391, 20, 5851582;
60000, 10000, 100,1799846488, 20, 5828218;
60000, 10000, 100,1799846354, 20, 5808464;
60000, 10000, 100,1799845966, 20, 5762891;
60000, 10000, 100,1799845637, 20, 5918814;
60000, 10000, 100,1799846381, 20, 5878077;
60000, 10000, 100,1799846189, 20, 5906799;
60000, 10000, 100,1799847304, 20, 5927414;
60000, 10000, 100,1799847271, 20, 5863579;
60000, 10000, 100,1799846366, 20, 5942906;
60000, 1000000, 0,60000, 20, 260;
60000, 1000000, 0,60000, 20, 260;
60000, 1000000, 0,60000, 20, 261;
60000, 1000000, 0,60000, 20, 260;
60000, 1000000, 0,60000, 20, 244;
60000, 1000000, 0,60000, 20, 247;
60000, 1000000, 0,60000, 20, 260;
60000, 1000000, 0,60000, 20, 244;
60000, 1000000, 0,60000, 20, 261;
60000, 1000000, 0,60000, 20, 268;
60000, 1000000, 25,416745548, 20, 1372699;
60000, 1000000, 25,416183648, 20, 1355688;
60000, 1000000, 25,410171081, 20, 1360545;
60000, 1000000, 25,412495578, 20, 1408441;
60000, 1000000, 25,414211313, 20, 1389976;
60000, 1000000, 25,409573369, 20, 1350105;
60000, 1000000, 25,413177710, 20, 1343744;
60000, 1000000, 25,411446417, 20, 1352683;
60000, 1000000, 25,415874597, 20, 1382561;
60000, 1000000, 25,412652976, 20, 1366348;
60000, 1000000, 50,866428606, 20, 2843077;
60000, 1000000, 50,863951684, 20, 2847383;
60000, 1000000, 50,866028538, 20, 2861154;
60000, 1000000, 50,868747937, 20, 2879336;
60000, 1000000, 50,864464470, 20, 2832137;
60000, 1000000, 50,871704149, 20, 2839012;
60000, 1000000, 50,857729573, 20, 2795909;
60000, 1000000, 50,867537228, 20, 2834565;
60000, 1000000, 50,867297523, 20, 2844004;
60000, 1000000, 50,862272999, 20, 2825767;
60000, 1000000, 75,1331062536, 20, 4331334;
60000, 1000000, 75,1330854949, 20, 4341719;
60000, 1000000, 75,1330785087, 20, 4333912;
60000, 1000000, 75,1330866247, 20, 4328632;
60000, 1000000, 75,1329859077, 20, 4385976;
60000, 1000000, 75,1331675039, 20, 4367639;
60000, 1000000, 75,1331184462, 20, 4375891;
60000, 1000000, 75,1331699458, 20, 4370576;
60000, 1000000, 75,1332803701, 20, 4374129;
60000, 1000000, 75,1328574807, 20, 4333290;
60000, 1000000, 100,1799975207, 20, 5890355;
60000, 1000000, 100,1799975118, 20, 5908814;
60000, 1000000, 100,1799974824, 20, 5851228;
60000, 1000000, 100,1799975277, 20, 5785137;
60000, 1000000, 100,1799975058, 20, 5800991;
60000, 1000000, 100,1799975269, 20, 5797209;
60000, 1000000, 100,1799974646, 20, 5919921;
60000, 1000000, 100,1799975283, 20, 5881990;
60000, 1000000, 100,1799975123, 20, 5864545;
60000, 1000000, 100,1799974997, 20, 5823472;
60000, 100000000, 0,60000, 20, 244;
60000, 100000000, 0,60000, 20, 260;
60000, 100000000, 0,60000, 20, 245;
60000, 100000000, 0,60000, 20, 244;
60000, 100000000, 0,60000, 20, 260;
60000, 100000000, 0,60000, 20, 244;
60000, 100000000, 0,60000, 20, 261;
60000, 100000000, 0,60000, 20, 244;
60000, 100000000, 0,60000, 20, 260;
60000, 100000000, 0,60000, 20, 244;
60000, 100000000, 25,416249387, 20, 1362876;
60000, 100000000, 25,414581188, 20, 1354302;
60000, 100000000, 25,414680368, 20, 1347420;
60000, 100000000, 25,411696505, 20, 1340546;
60000, 100000000, 25,414275504, 20, 1376980;
60000, 100000000, 25,416556978, 20, 1362304;
60000, 100000000, 25,414861887, 20, 1363397;
60000, 100000000, 25,415383171, 20, 1361163;
60000, 100000000, 25,418479587, 20, 1348354;
60000, 100000000, 25,414268965, 20, 1330960;
60000, 100000000, 50,867680215, 20, 2835255;
60000, 100000000, 50,863425561, 20, 2806995;
60000, 100000000, 50,865425017, 20, 2801089;
60000, 100000000, 50,866172023, 20, 2783589;
60000, 100000000, 50,864725040, 20, 2773892;
60000, 100000000, 50,864937010, 20, 2842645;
60000, 100000000, 50,867474963, 20, 2833672;
60000, 100000000, 50,863755372, 20, 2792985;
60000, 100000000, 50,864464928, 20, 2779648;
60000, 100000000, 50,865618965, 20, 2824313;
60000, 100000000, 75,1334770749, 20, 4303521;
60000, 100000000, 75,1333252721, 20, 4308253;
60000, 100000000, 75,1330429140, 20, 4304492;
60000, 100000000, 75,1329849669, 20, 4290555;
60000, 100000000, 75,1333302943, 20, 4365270;
60000, 100000000, 75,1332513918, 20, 4386797;
60000, 100000000, 75,1332156547, 20, 4377268;
60000, 100000000, 75,1327612007, 20, 4376370;
60000, 100000000, 75,1331442433, 20, 4426052;
60000, 100000000, 75,1335306927, 20, 4370297;
60000, 100000000, 100,1799975226, 20, 5919174;
60000, 100000000, 100,1799975228, 20, 5930845;
60000, 100000000, 100,1799975258, 20, 5908560;
60000, 100000000, 100,1799974822, 20, 5886003;
60000, 100000000, 100,1799974664, 20, 5902260;
60000, 100000000, 100,1799975110, 20, 5913605;
60000, 100000000, 100,1799974987, 20, 5899009;
60000, 100000000, 100,1799974837, 20, 5896400;
60000, 100000000, 100,1799975220, 20, 5910612;
60000, 100000000, 100,1799975431, 20, 5968208;
70000, 100, 0,70000, 20, 285;
70000, 100, 0,70000, 20, 285;
70000, 100, 0,70000, 20, 304;
70000, 100, 0,70000, 20, 304;
70000, 100, 0,70000, 20, 304;
70000, 100, 0,70000, 20, 285;
70000, 100, 0,70000, 20, 285;
70000, 100, 0,70000, 20, 285;
70000, 100, 0,70000, 20, 285;
70000, 100, 0,70000, 20, 285;
70000, 100, 25,575174571, 20, 1910187;
70000, 100, 25,580265325, 20, 1942385;
70000, 100, 25,581935193, 20, 1910748;
70000, 100, 25,583234253, 20, 1900399;
70000, 100, 25,580816552, 20, 1959108;
70000, 100, 25,586309337, 20, 1911792;
70000, 100, 25,587127400, 20, 1954520;
70000, 100, 25,578389538, 20, 1912371;
70000, 100, 25,578314273, 20, 1971232;
70000, 100, 25,586227578, 20, 1926603;
70000, 100, 50,1173802034, 20, 3816770;
70000, 100, 50,1174924729, 20, 3822900;
70000, 100, 50,1174623243, 20, 3835870;
70000, 100, 50,1173151763, 20, 3829915;
70000, 100, 50,1171644961, 20, 3835929;
70000, 100, 50,1184416856, 20, 3905235;
70000, 100, 50,1176797163, 20, 3852895;
70000, 100, 50,1175763242, 20, 3851783;
70000, 100, 50,1175335556, 20, 3828676;
70000, 100, 50,1174878921, 20, 3864986;
70000, 100, 75,1793585669, 20, 6029699;
70000, 100, 75,1800893154, 20, 5909894;
70000, 100, 75,1798678584, 20, 5880184;
70000, 100, 75,1796944790, 20, 5859049;
70000, 100, 75,1799784850, 20, 5838688;
70000, 100, 75,1800786176, 20, 5912456;
70000, 100, 75,1800637584, 20, 5945433;
70000, 100, 75,1798167938, 20, 5865135;
70000, 100, 75,1791104673, 20, 5833134;
70000, 100, 75,1795683420, 20, 5802440;
70000, 100, 100,2425778084, 20, 7841685;
70000, 100, 100,2425767746, 20, 7843332;
70000, 100, 100,2425787023, 20, 7823725;
70000, 100, 100,2425779195, 20, 7830858;
70000, 100, 100,2425784585, 20, 7890048;
70000, 100, 100,2425778726, 20, 7813091;
70000, 100, 100,2425785254, 20, 7835148;
70000, 100, 100,2425781818, 20, 7923685;
70000, 100, 100,2425768466, 20, 7843087;
70000, 100, 100,2425774532, 20, 7872640;
70000, 10000, 0,70000, 20, 304;
70000, 10000, 0,70000, 20, 285;
70000, 10000, 0,70000, 20, 325;
70000, 10000, 0,70000, 20, 285;
70000, 10000, 0,70000, 20, 304;
70000, 10000, 0,70000, 20, 285;
70000, 10000, 0,70000, 20, 304;
70000, 10000, 0,70000, 20, 304;
70000, 10000, 0,70000, 20, 304;
70000, 10000, 0,70000, 20, 304;
70000, 10000, 25,589022922, 20, 1922893;
70000, 10000, 25,587900842, 20, 1905416;
70000, 10000, 25,588113022, 20, 1912292;
70000, 10000, 25,587714488, 20, 1898203;
70000, 10000, 25,589399748, 20, 1915554;
70000, 10000, 25,587362084, 20, 1903888;
70000, 10000, 25,594115347, 20, 1931330;
70000, 10000, 25,588338954, 20, 1907699;
70000, 10000, 25,583222607, 20, 1894355;
70000, 10000, 25,588507281, 20, 1917026;
70000, 10000, 50,1183156110, 20, 3817778;
70000, 10000, 50,1193283316, 20, 3879524;
70000, 10000, 50,1188797089, 20, 3858995;
70000, 10000, 50,1187586123, 20, 3841534;
70000, 10000, 50,1183158957, 20, 3835853;
70000, 10000, 50,1180783542, 20, 3820074;
70000, 10000, 50,1184360613, 20, 3837708;
70000, 10000, 50,1182690931, 20, 3849415;
70000, 10000, 50,1186375354, 20, 3849280;
70000, 10000, 50,1185099688, 20, 3999233;
70000, 10000, 75,1811847728, 20, 5923766;
70000, 10000, 75,1818164512, 20, 5927920;
70000, 10000, 75,1814051292, 20, 6037689;
70000, 10000, 75,1821667213, 20, 6214080;
70000, 10000, 75,1819994901, 20, 5972128;
70000, 10000, 75,1819220033, 20, 5947526;
70000, 10000, 75,1815336336, 20, 5956069;
70000, 10000, 75,1812738299, 20, 5932656;
70000, 10000, 75,1810957002, 20, 5959545;
70000, 10000, 75,1822020448, 20, 6076199;
70000, 10000, 100,2449784969, 20, 7952520;
70000, 10000, 100,2449785487, 20, 7850767;
70000, 10000, 100,2449785324, 20, 7885623;
70000, 10000, 100,2449784804, 20, 7854634;
70000, 10000, 100,2449786794, 20, 7865688;
70000, 10000, 100,2449785459, 20, 7878401;
70000, 10000, 100,2449785645, 20, 7859295;
70000, 10000, 100,2449785691, 20, 7855038;
70000, 10000, 100,2449785071, 20, 7885008;
70000, 10000, 100,2449785867, 20, 7888761;
70000, 1000000, 0,70000, 20, 285;
70000, 1000000, 0,70000, 20, 285;
70000, 1000000, 0,70000, 20, 285;
70000, 1000000, 0,70000, 20, 285;
70000, 1000000, 0,70000, 20, 285;
70000, 1000000, 0,70000, 20, 304;
70000, 1000000, 0,70000, 20, 285;
70000, 1000000, 0,70000, 20, 285;
70000, 1000000, 0,70000, 20, 285;
70000, 1000000, 0,70000, 20, 344;
70000, 1000000, 25,589501409, 20, 1896550;
70000, 1000000, 25,586382591, 20, 1886567;
70000, 1000000, 25,588622436, 20, 1901039;
70000, 1000000, 25,585516402, 20, 1876962;
70000, 1000000, 25,591951882, 20, 1913712;
70000, 1000000, 25,586447230, 20, 1902040;
70000, 1000000, 25,593512196, 20, 1907646;
70000, 1000000, 25,593454254, 20, 1907320;
70000, 1000000, 25,584761742, 20, 1871354;
70000, 1000000, 25,590689390, 20, 1909147;
70000, 1000000, 50,1181677362, 20, 3799284;
70000, 1000000, 50,1186488639, 20, 3809399;
70000, 1000000, 50,1191945961, 20, 3850789;
70000, 1000000, 50,1185959912, 20, 3819777;
70000, 1000000, 50,1185083769, 20, 3800137;
70000, 1000000, 50,1182968664, 20, 3801704;
70000, 1000000, 50,1181824256, 20, 3791948;
70000, 1000000, 50,1187241361, 20, 3942538;
70000, 1000000, 50,1182232017, 20, 3879137;
70000, 1000000, 50,1189591971, 20, 3811555;
70000, 1000000, 75,1812629475, 20, 5794288;
70000, 1000000, 75,1810062717, 20, 5811796;
70000, 1000000, 75,1815394598, 20, 5834974;
70000, 1000000, 75,1819438476, 20, 6354578;
70000, 1000000, 75,1822144340, 20, 6036594;
70000, 1000000, 75,1822678310, 20, 6273440;
70000, 1000000, 75,1821378986, 20, 5927896;
70000, 1000000, 75,1811761080, 20, 5857757;
70000, 1000000, 75,1823395304, 20, 6064514;
70000, 1000000, 75,1818954917, 20, 6214604;
70000, 1000000, 100,2449960322, 20, 8391116;
70000, 1000000, 100,2449960365, 20, 8001560;
70000, 1000000, 100,2449960258, 20, 8118189;
70000, 1000000, 100,2449959675, 20, 8083264;
70000, 1000000, 100,2449959735, 20, 8192637;
70000, 1000000, 100,2449960337, 20, 8184094;
70000, 1000000, 100,2449960373, 20, 8258605;
70000, 1000000, 100,2449959881, 20, 8214667;
70000, 1000000, 100,2449960130, 20, 8161920;
70000, 1000000, 100,2449960156, 20, 8511552;
70000, 100000000, 0,70000, 20, 285;
70000, 100000000, 0,70000, 20, 285;
70000, 100000000, 0,70000, 20, 308;
70000, 100000000, 0,70000, 20, 439;
70000, 100000000, 0,70000, 20, 285;
70000, 100000000, 0,70000, 20, 285;
70000, 100000000, 0,70000, 20, 304;
70000, 100000000, 0,70000, 20, 285;
70000, 100000000, 0,70000, 20, 482;
70000, 100000000, 0,70000, 20, 285;
70000, 100000000, 25,587868855, 20, 1973994;
70000, 100000000, 25,591528142, 20, 2121947;
70000, 100000000, 25,586402811, 20, 1941421;
70000, 100000000, 25,592717792, 20, 2146336;
70000, 100000000, 25,594729277, 20, 1957076;
70000, 100000000, 25,585063679, 20, 1907006;
70000, 100000000, 25,587096245, 20, 1894586;
70000, 100000000, 25,590600839, 20, 1908799;
70000, 100000000, 25,587367053, 20, 1910573;
70000, 100000000, 25,586443163, 20, 2033318;
70000, 100000000, 50,1182068270, 20, 4116053;
70000, 100000000, 50,1182473643, 20, 3836046;
70000, 100000000, 50,1181605222, 20, 4008991;
70000, 100000000, 50,1177795287, 20, 3868442;
70000, 100000000, 50,1175221206, 20, 3922407;
70000, 100000000, 50,1185613296, 20, 4054024;
70000, 100000000, 50,1189902622, 20, 4013377;
70000, 100000000, 50,1186098787, 20, 3902436;
70000, 100000000, 50,1178264016, 20, 3929994;
70000, 100000000, 50,1189462297, 20, 4152634;
70000, 100000000, 75,1814869272, 20, 6101372;
70000, 100000000, 75,1815886013, 20, 5842956;
70000, 100000000, 75,1818135540, 20, 5823029;
70000, 100000000, 75,1813446627, 20, 5816497;
70000, 100000000, 75,1818299030, 20, 5841749;
70000, 100000000, 75,1816984090, 20, 5821687;
70000, 100000000, 75,1816145643, 20, 5832042;
70000, 100000000, 75,1814124320, 20, 5848987;
70000, 100000000, 75,1818298267, 20, 5831739;
70000, 100000000, 75,1821382831, 20, 5843030;
70000, 100000000, 100,2449960050, 20, 7833762;
70000, 100000000, 100,2449959885, 20, 8144621;
70000, 100000000, 100,2449960324, 20, 8094678;
70000, 100000000, 100,2449960274, 20, 7881373;
70000, 100000000, 100,2449960334, 20, 8077373;
70000, 100000000, 100,2449959660, 20, 8048881;
70000, 100000000, 100,2449960170, 20, 8004736;
70000, 100000000, 100,2449960643, 20, 8062217;
70000, 100000000, 100,2449960137, 20, 8106011;
70000, 100000000, 100,2449960354, 20, 8004874;
80000, 100, 0,80000, 20, 410;
80000, 100, 0,80000, 20, 348;
80000, 100, 0,80000, 20, 326;
80000, 100, 0,80000, 20, 326;
80000, 100, 0,80000, 20, 326;
80000, 100, 0,80000, 20, 348;
80000, 100, 0,80000, 20, 347;
80000, 100, 0,80000, 20, 325;
80000, 100, 0,80000, 20, 325;
80000, 100, 0,80000, 20, 326;
80000, 100, 25,751422396, 20, 2485616;
80000, 100, 25,745508498, 20, 2488539;
80000, 100, 25,751722764, 20, 2468771;
80000, 100, 25,743064562, 20, 2484024;
80000, 100, 25,746504560, 20, 2526682;
80000, 100, 25,750243189, 20, 2492073;
80000, 100, 25,748784425, 20, 2463000;
80000, 100, 25,750970002, 20, 2457145;
80000, 100, 25,749337594, 20, 2455147;
80000, 100, 25,746128671, 20, 2451307;
80000, 100, 50,1525290104, 20, 5034216;
80000, 100, 50,1535800115, 20, 5234085;
80000, 100, 50,1535092422, 20, 5365506;
80000, 100, 50,1523307037, 20, 5163301;
80000, 100, 50,1524809468, 20, 5085478;
80000, 100, 50,1522376042, 20, 5075168;
80000, 100, 50,1526799879, 20, 5058432;
80000, 100, 50,1526929386, 20, 5034385;
80000, 100, 50,1518788950, 20, 4969777;
80000, 100, 50,1520940118, 20, 4988329;
80000, 100, 75,2346278214, 20, 7708862;
80000, 100, 75,2343547711, 20, 7659553;
80000, 100, 75,2343507197, 20, 7658970;
80000, 100, 75,2336382869, 20, 7638308;
80000, 100, 75,2345287249, 20, 7641627;
80000, 100, 75,2345401053, 20, 7574814;
80000, 100, 75,2342931233, 20, 7565622;
80000, 100, 75,2346820083, 20, 7521342;
80000, 100, 75,2345946477, 20, 7509123;
80000, 100, 75,2344626914, 20, 7503049;
80000, 100, 100,3168344423, 20, 10165531;
80000, 100, 100,3168354841, 20, 10169117;
80000, 100, 100,3168359463, 20, 10126204;
80000, 100, 100,3168352025, 20, 10199645;
80000, 100, 100,3168359129, 20, 10414761;
80000, 100, 100,3168361359, 20, 10383251;
80000, 100, 100,3168352514, 20, 10704210;
80000, 100, 100,3168356907, 20, 10314782;
80000, 100, 100,3168359259, 20, 10226254;
80000, 100, 100,3168356371, 20, 10196897;
80000, 10000, 0,80000, 20, 326;
80000, 10000, 0,80000, 20, 326;
80000, 10000, 0,80000, 20, 348;
80000, 10000, 0,80000, 20, 325;
80000, 10000, 0,80000, 20, 326;
80000, 10000, 0,80000, 20, 326;
80000, 10000, 0,80000, 20, 326;
80000, 10000, 0,80000, 20, 348;
80000, 10000, 0,80000, 20, 348;
80000, 10000, 0,80000, 20, 347;
80000, 10000, 25,759011305, 20, 2444674;
80000, 10000, 25,761141815, 20, 2455328;
80000, 10000, 25,754091505, 20, 2424419;
80000, 10000, 25,759080409, 20, 2457996;
80000, 10000, 25,762413576, 20, 2449475;
80000, 10000, 25,756644504, 20, 2454840;
80000, 10000, 25,762473321, 20, 2452149;
80000, 10000, 25,754785673, 20, 2436380;
80000, 10000, 25,764455961, 20, 2466109;
80000, 10000, 25,753924772, 20, 2417969;
80000, 10000, 50,1535794180, 20, 4950178;
80000, 10000, 50,1540721089, 20, 4977035;
80000, 10000, 50,1545284600, 20, 4980400;
80000, 10000, 50,1541977120, 20, 4972936;
80000, 10000, 50,1542417222, 20, 4966261;
80000, 10000, 50,1552210784, 20, 4990569;
80000, 10000, 50,1545565743, 20, 5002600;
80000, 10000, 50,1540841138, 20, 4965908;
80000, 10000, 50,1541663980, 20, 4972477;
80000, 10000, 50,1542227199, 20, 4976188;
80000, 10000, 75,2368694412, 20, 7599523;
80000, 10000, 75,2366392281, 20, 8037502;
80000, 10000, 75,2368135519, 20, 7920849;
80000, 10000, 75,2366045410, 20, 7921600;
80000, 10000, 75,2382723678, 20, 7840680;
80000, 10000, 75,2371522286, 20, 7658567;
80000, 10000, 75,2370011745, 20, 7633587;
80000, 10000, 75,2365379892, 20, 7631822;
80000, 10000, 75,2368323423, 20, 7566979;
80000, 10000, 75,2367192317, 20, 7700165;
80000, 10000, 100,3199714000, 20, 10334997;
80000, 10000, 100,3199714118, 20, 10583712;
80000, 10000, 100,3199713116, 20, 10547338;
80000, 10000, 100,3199714260, 20, 10676276;
80000, 10000, 100,3199713868, 20, 10614921;
80000, 10000, 100,3199713977, 20, 10463366;
80000, 10000, 100,3199714868, 20, 10419698;
80000, 10000, 100,3199712896, 20, 10481582;
80000, 10000, 100,3199714455, 20, 10871825;
80000, 10000, 100,3199713689, 20, 10603603;
80000, 1000000, 0,80000, 20, 326;
80000, 1000000, 0,80000, 20, 337;
80000, 1000000, 0,80000, 20, 348;
80000, 1000000, 0,80000, 20, 326;
80000, 1000000, 0,80000, 20, 392;
80000, 1000000, 0,80000, 20, 348;
80000, 1000000, 0,80000, 20, 348;
80000, 1000000, 0,80000, 20, 326;
80000, 1000000, 0,80000, 20, 326;
80000, 1000000, 0,80000, 20, 351;
80000, 1000000, 25,748402645, 20, 2472460;
80000, 1000000, 25,757511331, 20, 2476803;
80000, 1000000, 25,752400852, 20, 2462676;
80000, 1000000, 25,760071536, 20, 2486909;
80000, 1000000, 25,763103580, 20, 2485178;
80000, 1000000, 25,751264743, 20, 2522634;
80000, 1000000, 25,752260177, 20, 2461985;
80000, 1000000, 25,751211114, 20, 2446045;
80000, 1000000, 25,750544702, 20, 2453692;
80000, 1000000, 25,757587480, 20, 2480932;
80000, 1000000, 50,1549638537, 20, 5086100;
80000, 1000000, 50,1548723347, 20, 5104851;
80000, 1000000, 50,1538114447, 20, 5046589;
80000, 1000000, 50,1532894981, 20, 5035323;
80000, 1000000, 50,1537942579, 20, 5090734;
80000, 1000000, 50,1543863496, 20, 5102833;
80000, 1000000, 50,1543096853, 20, 5063750;
80000, 1000000, 50,1544217996, 20, 5037264;
80000, 1000000, 50,1545307590, 20, 5054976;
80000, 1000000, 50,1545411062, 20, 5152216;
80000, 1000000, 75,2366182886, 20, 7834230;
80000, 1000000, 75,2365201576, 20, 7757684;
80000, 1000000, 75,2371306594, 20, 7764014;
80000, 1000000, 75,2368776424, 20, 7732339;
80000, 1000000, 75,2370501016, 20, 7782230;
80000, 1000000, 75,2368773582, 20, 7727407;
80000, 1000000, 75,2367302053, 20, 7822061;
80000, 1000000, 75,2371262637, 20, 7992789;
80000, 1000000, 75,2375990498, 20, 7827504;
80000, 1000000, 75,2367612827, 20, 7817510;
80000, 1000000, 100,3199941913, 20, 10567076;
80000, 1000000, 100,3199941788, 20, 10488096;
80000, 1000000, 100,3199942439, 20, 11000555;
80000, 1000000, 100,3199942852, 20, 10453136;
80000, 1000000, 100,3199941857, 20, 10248736;
80000, 1000000, 100,3199942535, 20, 10230087;
80000, 1000000, 100,3199942349, 20, 10240700;
80000, 1000000, 100,3199941910, 20, 10240832;
80000, 1000000, 100,3199941840, 20, 10263206;
80000, 1000000, 100,3199942840, 20, 10405853;
80000, 100000000, 0,80000, 20, 347;
80000, 100000000, 0,80000, 20, 347;
80000, 100000000, 0,80000, 20, 348;
80000, 100000000, 0,80000, 20, 348;
80000, 100000000, 0,80000, 20, 347;
80000, 100000000, 0,80000, 20, 326;
80000, 100000000, 0,80000, 20, 348;
80000, 100000000, 0,80000, 20, 326;
80000, 100000000, 0,80000, 20, 348;
80000, 100000000, 0,80000, 20, 329;
80000, 100000000, 25,755456908, 20, 2469894;
80000, 100000000, 25,758090469, 20, 2465098;
80000, 100000000, 25,759225248, 20, 2477878;
80000, 100000000, 25,757747986, 20, 2462732;
80000, 100000000, 25,754383265, 20, 2477991;
80000, 100000000, 25,759127794, 20, 2504864;
80000, 100000000, 25,756890365, 20, 2486591;
80000, 100000000, 25,756430683, 20, 2481482;
80000, 100000000, 25,761468950, 20, 2491504;
80000, 100000000, 25,759429886, 20, 2489613;
80000, 100000000, 50,1541190540, 20, 5041304;
80000, 100000000, 50,1548062034, 20, 5069367;
80000, 100000000, 50,1533963428, 20, 4981947;
80000, 100000000, 50,1541689714, 20, 5046547;
80000, 100000000, 50,1543254819, 20, 5009089;
80000, 100000000, 50,1530284890, 20, 4961725;
80000, 100000000, 50,1541372458, 20, 5035989;
80000, 100000000, 50,1543183233, 20, 5055719;
80000, 100000000, 50,1535909654, 20, 5095926;
80000, 100000000, 50,1547001980, 20, 5220047;
80000, 100000000, 75,2370328767, 20, 7735764;
80000, 100000000, 75,2367719360, 20, 7895414;
80000, 100000000, 75,2361013336, 20, 7951896;
80000, 100000000, 75,2368935218, 20, 8002343;
80000, 100000000, 75,2368014291, 20, 7671908;
80000, 100000000, 75,2368974246, 20, 7731036;
80000, 100000000, 75,2370083754, 20, 7751874;
80000, 100000000, 75,2371570565, 20, 7736188;
80000, 100000000, 75,2371266427, 20, 7673543;
80000, 100000000, 75,2372531170, 20, 7705808;
80000, 100000000, 100,3199942125, 20, 10544221;
80000, 100000000, 100,3199941206, 20, 10470541;
80000, 100000000, 100,3199942723, 20, 10471079;
80000, 100000000, 100,3199942525, 20, 10447640;
80000, 100000000, 100,3199942096, 20, 10372740;
80000, 100000000, 100,3199942337, 20, 10830093;
80000, 100000000, 100,3199942314, 20, 10310851;
80000, 100000000, 100,3199942473, 20, 10271100;
80000, 100000000, 100,3199942683, 20, 10268482;
80000, 100000000, 100,3199942619, 20, 10259212;
90000, 100, 0,90000, 20, 459;
90000, 100, 0,90000, 20, 367;
90000, 100, 0,90000, 20, 367;
90000, 100, 0,90000, 20, 391;
90000, 100, 0,90000, 20, 367;
90000, 100, 0,90000, 20, 367;
90000, 100, 0,90000, 20, 391;
90000, 100, 0,90000, 20, 391;
90000, 100, 0,90000, 20, 391;
90000, 100, 0,90000, 20, 391;
90000, 100, 25,893067462, 20, 2870976;
90000, 100, 25,897697365, 20, 2870316;
90000, 100, 25,896618366, 20, 2867473;
90000, 100, 25,909571086, 20, 2904017;
90000, 100, 25,899479831, 20, 2875300;
90000, 100, 25,901957833, 20, 2891527;
90000, 100, 25,893586123, 20, 2871371;
90000, 100, 25,903360719, 20, 2893831;
90000, 100, 25,897279025, 20, 2875875;
90000, 100, 25,899381302, 20, 2878899;
90000, 100, 50,1909995601, 20, 6119535;
90000, 100, 50,1912825575, 20, 6147119;
90000, 100, 50,1903565004, 20, 6093811;
90000, 100, 50,1905315528, 20, 6097181;
90000, 100, 50,1907334466, 20, 6112207;
90000, 100, 50,1907863771, 20, 6113017;
90000, 100, 50,1908573547, 20, 6184044;
90000, 100, 50,1903329826, 20, 6277339;
90000, 100, 50,1920711862, 20, 6134883;
90000, 100, 50,1909395935, 20, 6352372;
90000, 100, 75,2958172728, 20, 9899476;
90000, 100, 75,2956481844, 20, 9710051;
90000, 100, 75,2956471630, 20, 10041088;
90000, 100, 75,2966891354, 20, 9567924;
90000, 100, 75,2954046376, 20, 9528851;
90000, 100, 75,2946192670, 20, 9504480;
90000, 100, 75,2951731296, 20, 9640131;
90000, 100, 75,2948977225, 20, 9587328;
90000, 100, 75,2961182447, 20, 9494993;
90000, 100, 75,2955608146, 20, 9711370;
90000, 100, 100,4009940832, 20, 13037531;
90000, 100, 100,4009938648, 20, 13215556;
90000, 100, 100,4009944474, 20, 13118761;
90000, 100, 100,4009939242, 20, 12932875;
90000, 100, 100,4009934498, 20, 13933065;
90000, 100, 100,4009944219, 20, 12990965;
90000, 100, 100,4009946621, 20, 12890361;
90000, 100, 100,4009937754, 20, 12954997;
90000, 100, 100,4009933809, 20, 12862107;
90000, 100, 100,4009950591, 20, 12855817;
90000, 10000, 0,90000, 20, 366;
90000, 10000, 0,90000, 20, 391;
90000, 10000, 0,90000, 20, 382;
90000, 10000, 0,90000, 20, 367;
90000, 10000, 0,90000, 20, 367;
90000, 10000, 0,90000, 20, 366;
90000, 10000, 0,90000, 20, 391;
90000, 10000, 0,90000, 20, 367;
90000, 10000, 0,90000, 20, 391;
90000, 10000, 0,90000, 20, 395;
90000, 10000, 25,913369970, 20, 2949319;
90000, 10000, 25,908200930, 20, 2909541;
90000, 10000, 25,914860347, 20, 2941178;
90000, 10000, 25,912810130, 20, 2936038;
90000, 10000, 25,913844212, 20, 3147303;
90000, 10000, 25,905886894, 20, 3028471;
90000, 10000, 25,917857044, 20, 2984084;
90000, 10000, 25,912362597, 20, 2950780;
90000, 10000, 25,921807636, 20, 2976799;
90000, 10000, 25,903338255, 20, 2920394;
90000, 10000, 50,1930114975, 20, 6228972;
90000, 10000, 50,1924702098, 20, 6189031;
90000, 10000, 50,1923995812, 20, 6202619;
90000, 10000, 50,1929218672, 20, 6238542;
90000, 10000, 50,1927728413, 20, 6357798;
90000, 10000, 50,1934761240, 20, 6312888;
90000, 10000, 50,1924720564, 20, 6317509;
90000, 10000, 50,1932163902, 20, 6334823;
90000, 10000, 50,1927767323, 20, 6185346;
90000, 10000, 50,1924981630, 20, 6214877;
90000, 10000, 75,2987273816, 20, 9737442;
90000, 10000, 75,2980906814, 20, 9650679;
90000, 10000, 75,2989856984, 20, 9621050;
90000, 10000, 75,2982095842, 20, 9585939;
90000, 10000, 75,2988629427, 20, 9578353;
90000, 10000, 75,2985631163, 20, 9561887;
90000, 10000, 75,2979761776, 20, 9626274;
90000, 10000, 75,2977464662, 20, 9712428;
90000, 10000, 75,2978390771, 20, 9478718;
90000, 10000, 75,2981684124, 20, 9609026;
90000, 10000, 100,4049632089, 20, 13295874;
90000, 10000, 100,4049632309, 20, 13048419;
90000, 10000, 100,4049631967, 20, 13010116;
90000, 10000, 100,4049632877, 20, 13305170;
90000, 10000, 100,4049631914, 20, 14261760;
90000, 10000, 100,4049633326, 20, 14411967;
90000, 10000, 100,4049631971, 20, 13302485;
90000, 10000, 100,4049633841, 20, 13679882;
90000, 10000, 100,4049633045, 20, 13977570;
90000, 10000, 100,4049631746, 20, 13161998;
90000, 1000000, 0,90000, 20, 383;
90000, 1000000, 0,90000, 20, 367;
90000, 1000000, 0,90000, 20, 367;
90000, 1000000, 0,90000, 20, 367;
90000, 1000000, 0,90000, 20, 626;
90000, 1000000, 0,90000, 20, 372;
90000, 1000000, 0,90000, 20, 366;
90000, 1000000, 0,90000, 20, 366;
90000, 1000000, 0,90000, 20, 370;
90000, 1000000, 0,90000, 20, 503;
90000, 1000000, 25,907664754, 20, 2956661;
90000, 1000000, 25,916631064, 20, 2989298;
90000, 1000000, 25,910119806, 20, 2940860;
90000, 1000000, 25,915634004, 20, 2980555;
90000, 1000000, 25,910508529, 20, 3056679;
90000, 1000000, 25,913070909, 20, 3591738;
90000, 1000000, 25,911013262, 20, 3167500;
90000, 1000000, 25,921296048, 20, 3042809;
90000, 1000000, 25,910867501, 20, 3057792;
90000, 1000000, 25,900098413, 20, 3527986;
90000, 1000000, 50,1930241442, 20, 6241172;
90000, 1000000, 50,1930337471, 20, 6223446;
90000, 1000000, 50,1922318488, 20, 6222848;
90000, 1000000, 50,1939489257, 20, 6406296;
90000, 1000000, 50,1929890208, 20, 6252197;
90000, 1000000, 50,1934423015, 20, 6230742;
90000, 1000000, 50,1929151022, 20, 6199291;
90000, 1000000, 50,1934423527, 20, 6257141;
90000, 1000000, 50,1927766448, 20, 6291259;
90000, 1000000, 50,1932404650, 20, 6232338;
90000, 1000000, 75,2979058588, 20, 9585243;
90000, 1000000, 75,2985566436, 20, 9676744;
90000, 1000000, 75,2982735822, 20, 9761905;
90000, 1000000, 75,2992720383, 20, 9662722;
90000, 1000000, 75,2983549358, 20, 9612595;
90000, 1000000, 75,2980356743, 20, 9597832;
90000, 1000000, 75,2982998941, 20, 9652957;
90000, 1000000, 75,2985124366, 20, 9564171;
90000, 1000000, 75,2995574499, 20, 9660591;
90000, 1000000, 75,2986217668, 20, 9651993;
90000, 1000000, 100,4049921344, 20, 13036946;
90000, 1000000, 100,4049921490, 20, 12987375;
90000, 1000000, 100,4049921350, 20, 13029932;
90000, 1000000, 100,4049921099, 20, 13241425;
90000, 1000000, 100,4049921372, 20, 13036080;
90000, 1000000, 100,4049920852, 20, 13015181;
90000, 1000000, 100,4049921233, 20, 13041033;
90000, 1000000, 100,4049920671, 20, 13207931;
90000, 1000000, 100,4049921421, 20, 12979022;
90000, 1000000, 100,4049921854, 20, 13005763;
90000, 100000000, 0,90000, 20, 367;
90000, 100000000, 0,90000, 20, 391;
90000, 100000000, 0,90000, 20, 367;
90000, 100000000, 0,90000, 20, 391;
90000, 100000000, 0,90000, 20, 367;
90000, 100000000, 0,90000, 20, 366;
90000, 100000000, 0,90000, 20, 391;
90000, 100000000, 0,90000, 20, 366;
90000, 100000000, 0,90000, 20, 391;
90000, 100000000, 0,90000, 20, 367;
90000, 100000000, 25,900469704, 20, 2931368;
90000, 100000000, 25,905452827, 20, 2937156;
90000, 100000000, 25,904030187, 20, 2917856;
90000, 100000000, 25,906180430, 20, 2914396;
90000, 100000000, 25,903631597, 20, 2940612;
90000, 100000000, 25,913084919, 20, 2952313;
90000, 100000000, 25,912906358, 20, 2948540;
90000, 100000000, 25,901420988, 20, 2930243;
90000, 100000000, 25,903058020, 20, 2915485;
90000, 100000000, 25,914147889, 20, 3021053;
90000, 100000000, 50,1935776859, 20, 6252898;
90000, 100000000, 50,1932182949, 20, 6285888;
90000, 100000000, 50,1935615073, 20, 6254381;
90000, 100000000, 50,1930168016, 20, 6237152;
90000, 100000000, 50,1933567095, 20, 6260875;
90000, 100000000, 50,1934309791, 20, 6235427;
90000, 100000000, 50,1930948610, 20, 6233825;
90000, 100000000, 50,1929362216, 20, 6241214;
90000, 100000000, 50,1940441745, 20, 6274397;
90000, 100000000, 50,1918324757, 20, 6208005;
90000, 100000000, 75,2990873744, 20, 9682231;
90000, 100000000, 75,2988595448, 20, 9650302;
90000, 100000000, 75,2992548979, 20, 9677518;
90000, 100000000, 75,2985018779, 20, 9760438;
90000, 100000000, 75,2981334954, 20, 9623360;
90000, 100000000, 75,2987285459, 20, 9623922;
90000, 100000000, 75,2983957293, 20, 9830566;
90000, 100000000, 75,2989967263, 20, 9684809;
90000, 100000000, 75,2986620489, 20, 9614080;
90000, 100000000, 75,2976288862, 20, 9597305;
90000, 100000000, 100,4049921985, 20, 13425759;
90000, 100000000, 100,4049921046, 20, 13098396;
90000, 100000000, 100,4049920990, 20, 13169060;
90000, 100000000, 100,4049921153, 20, 13099621;
90000, 100000000, 100,4049921306, 20, 13034501;
90000, 100000000, 100,4049921210, 20, 13036862;
90000, 100000000, 100,4049921658, 20, 12949401;
90000, 100000000, 100,4049921603, 20, 13089628;
90000, 100000000, 100,4049921472, 20, 13027818;
90000, 100000000, 100,4049921237, 20, 13056749;
100000, 100, 0,100000, 20, 407;
100000, 100, 0,100000, 20, 408;
100000, 100, 0,100000, 20, 407;
100000, 100, 0,100000, 20, 407;
100000, 100, 0,100000, 20, 408;
100000, 100, 0,100000, 20, 434;
100000, 100, 0,100000, 20, 408;
100000, 100, 0,100000, 20, 408;
100000, 100, 0,100000, 20, 466;
100000, 100, 0,100000, 20, 407;
100000, 100, 25,1047519806, 20, 3416210;
100000, 100, 25,1062479115, 20, 3407446;
100000, 100, 25,1060603490, 20, 3406139;
100000, 100, 25,1064821537, 20, 3426933;
100000, 100, 25,1047894429, 20, 3376727;
100000, 100, 25,1055707931, 20, 3418996;
100000, 100, 25,1047889308, 20, 3390175;
100000, 100, 25,1060978059, 20, 3470058;
100000, 100, 25,1055612915, 20, 3493827;
100000, 100, 25,1053677013, 20, 3404460;
100000, 100, 50,2330493834, 20, 7512011;
100000, 100, 50,2330059413, 20, 7562695;
100000, 100, 50,2333321441, 20, 7475434;
100000, 100, 50,2327857328, 20, 7557617;
100000, 100, 50,2330335103, 20, 7543516;
100000, 100, 50,2324257286, 20, 7512269;
100000, 100, 50,2324141209, 20, 7521235;
100000, 100, 50,2329114603, 20, 7573891;
100000, 100, 50,2335181129, 20, 7502054;
100000, 100, 50,2329990022, 20, 7469268;
100000, 100, 75,3623417984, 20, 11648729;
100000, 100, 75,3636298831, 20, 11714807;
100000, 100, 75,3630992971, 20, 11708860;
100000, 100, 75,3632360600, 20, 11802834;
100000, 100, 75,3626862495, 20, 11657977;
100000, 100, 75,3636239375, 20, 11788666;
100000, 100, 75,3634672912, 20, 11797170;
100000, 100, 75,3630940919, 20, 11701280;
100000, 100, 75,3632458234, 20, 11687175;
100000, 100, 75,3634501671, 20, 11779535;
100000, 100, 100,4950548815, 20, 15986120;
100000, 100, 100,4950548313, 20, 15921272;
100000, 100, 100,4950544739, 20, 15979148;
100000, 100, 100,4950549011, 20, 16455756;
100000, 100, 100,4950540465, 20, 16070584;
100000, 100, 100,4950543138, 20, 16022477;
100000, 100, 100,4950545368, 20, 16043222;
100000, 100, 100,4950555931, 20, 16310582;
100000, 100, 100,4950540318, 20, 16190285;
100000, 100, 100,4950538134, 20, 17190086;
100000, 10000, 0,100000, 20, 435;
100000, 10000, 0,100000, 20, 434;
100000, 10000, 0,100000, 20, 408;
100000, 10000, 0,100000, 20, 434;
100000, 10000, 0,100000, 20, 435;
100000, 10000, 0,100000, 20, 434;
100000, 10000, 0,100000, 20, 407;
100000, 10000, 0,100000, 20, 520;
100000, 10000, 0,100000, 20, 408;
100000, 10000, 0,100000, 20, 434;
100000, 10000, 25,1071249961, 20, 3470958;
100000, 10000, 25,1066833765, 20, 3420500;
100000, 10000, 25,1066914032, 20, 3430136;
100000, 10000, 25,1065447167, 20, 3442052;
100000, 10000, 25,1070081455, 20, 3520527;
100000, 10000, 25,1063430485, 20, 3551580;
100000, 10000, 25,1068919426, 20, 3561481;
100000, 10000, 25,1060716311, 20, 3459997;
100000, 10000, 25,1064155591, 20, 3899839;
100000, 10000, 25,1066623546, 20, 3592149;
100000, 10000, 50,2357578855, 20, 7645664;
100000, 10000, 50,2354585623, 20, 7666192;
100000, 10000, 50,2356292083, 20, 7696304;
100000, 10000, 50,2362512637, 20, 7745901;
100000, 10000, 50,2342455433, 20, 7581100;
100000, 10000, 50,2359422774, 20, 7609055;
100000, 10000, 50,2361592250, 20, 7844888;
100000, 10000, 50,2354374876, 20, 7613394;
100000, 10000, 50,2361394106, 20, 7585285;
100000, 10000, 50,2356521117, 20, 7559448;
100000, 10000, 75,3670280259, 20, 12004122;
100000, 10000, 75,3672589956, 20, 11817266;
100000, 10000, 75,3672304340, 20, 11872537;
100000, 10000, 75,3673926280, 20, 12057191;
100000, 10000, 75,3661220731, 20, 11953431;
100000, 10000, 75,3673809476, 20, 11974765;
100000, 10000, 75,3663419029, 20, 11753092;
100000, 10000, 75,3662426251, 20, 11809690;
100000, 10000, 75,3673444457, 20, 11880942;
100000, 10000, 75,3664044521, 20, 11741687;
100000, 10000, 100,4999540569, 20, 16047278;
100000, 10000, 100,4999538969, 20, 16078971;
100000, 10000, 100,4999541264, 20, 16072403;
100000, 10000, 100,4999539701, 20, 16276564;
100000, 10000, 100,4999540962, 20, 16041966;
100000, 10000, 100,4999541467, 20, 16118838;
100000, 10000, 100,4999540606, 20, 16965550;
100000, 10000, 100,4999540761, 20, 16008425;
100000, 10000, 100,4999541062, 20, 16130361;
100000, 10000, 100,4999539961, 20, 16118323;
100000, 1000000, 0,100000, 20, 410;
100000, 1000000, 0,100000, 20, 434;
100000, 1000000, 0,100000, 20, 434;
100000, 1000000, 0,100000, 20, 435;
100000, 1000000, 0,100000, 20, 435;
100000, 1000000, 0,100000, 20, 539;
100000, 1000000, 0,100000, 20, 407;
100000, 1000000, 0,100000, 20, 434;
100000, 1000000, 0,100000, 20, 408;
100000, 1000000, 0,100000, 20, 410;
100000, 1000000, 25,1059435887, 20, 3412440;
100000, 1000000, 25,1065355705, 20, 3434136;
100000, 1000000, 25,1068485950, 20, 3468967;
100000, 1000000, 25,1067419903, 20, 3524721;
100000, 1000000, 25,1059605047, 20, 3425482;
100000, 1000000, 25,1066657577, 20, 3430175;
100000, 1000000, 25,1063972629, 20, 3435139;
100000, 1000000, 25,1073841411, 20, 3480731;
100000, 1000000, 25,1065627329, 20, 3428729;
100000, 1000000, 25,1071525692, 20, 3476061;
100000, 1000000, 50,2350243988, 20, 7604702;
100000, 1000000, 50,2356314806, 20, 7596016;
100000, 1000000, 50,2358318034, 20, 7610406;
100000, 1000000, 50,2345450941, 20, 7692466;
100000, 1000000, 50,2350650490, 20, 7707788;
100000, 1000000, 50,2351263613, 20, 7649993;
100000, 1000000, 50,2352978232, 20, 7574767;
100000, 1000000, 50,2349181625, 20, 7592649;
100000, 1000000, 50,2358412603, 20, 7603822;
100000, 1000000, 50,2353694551, 20, 7571643;
100000, 1000000, 75,3663113241, 20, 11752937;
100000, 1000000, 75,3672777226, 20, 11818368;
100000, 1000000, 75,3663933111, 20, 11830774;
100000, 1000000, 75,3664370766, 20, 11755200;
100000, 1000000, 75,3666283905, 20, 11788212;
100000, 1000000, 75,3672088890, 20, 12664920;
100000, 1000000, 75,3675511567, 20, 12087949;
100000, 1000000, 75,3670648641, 20, 11874817;
100000, 1000000, 75,3670702244, 20, 11836002;
100000, 1000000, 75,3662500910, 20, 11830312;
100000, 1000000, 100,4999897645, 20, 16083371;
100000, 1000000, 100,4999897815, 20, 16339872;
100000, 1000000, 100,4999897075, 20, 16166297;
100000, 1000000, 100,4999897757, 20, 15994418;
100000, 1000000, 100,4999897120, 20, 16027640;
100000, 1000000, 100,4999898011, 20, 16108517;
100000, 1000000, 100,4999897619, 20, 16143989;
100000, 1000000, 100,4999898569, 20, 16297301;
100000, 1000000, 100,4999897201, 20, 16017962;
100000, 1000000, 100,4999897088, 20, 16224665;
100000, 100000000, 0,100000, 20, 407;
100000, 100000000, 0,100000, 20, 407;
100000, 100000000, 0,100000, 20, 407;
100000, 100000000, 0,100000, 20, 434;
100000, 100000000, 0,100000, 20, 408;
100000, 100000000, 0,100000, 20, 479;
100000, 100000000, 0,100000, 20, 407;
100000, 100000000, 0,100000, 20, 434;
100000, 100000000, 0,100000, 20, 435;
100000, 100000000, 0,100000, 20, 407;
100000, 100000000, 25,1062945459, 20, 3399938;
100000, 100000000, 25,1066907699, 20, 3432276;
100000, 100000000, 25,1063466068, 20, 3407121;
100000, 100000000, 25,1058298494, 20, 3401769;
100000, 100000000, 25,1072622540, 20, 3480170;
100000, 100000000, 25,1074436744, 20, 3441698;
100000, 100000000, 25,1062641396, 20, 3410691;
100000, 100000000, 25,1060899844, 20, 3397723;
100000, 100000000, 25,1058777616, 20, 3396562;
100000, 100000000, 25,1073001787, 20, 3473220;
100000, 100000000, 50,2351414211, 20, 7601966;
100000, 100000000, 50,2349432911, 20, 7556387;
100000, 100000000, 50,2353556385, 20, 8281897;
100000, 100000000, 50,2354141684, 20, 7847073;
100000, 100000000, 50,2358701823, 20, 7888281;
100000, 100000000, 50,2368105387, 20, 7754940;
100000, 100000000, 50,2354285851, 20, 7682427;
100000, 100000000, 50,2345983771, 20, 7586069;
100000, 100000000, 50,2358588881, 20, 7559549;
100000, 100000000, 50,2343297646, 20, 7566765;
100000, 100000000, 75,3666250138, 20, 11926622;
100000, 100000000, 75,3663731053, 20, 11773842;
100000, 100000000, 75,3666979618, 20, 11768262;
100000, 100000000, 75,3654657283, 20, 11748715;
100000, 100000000, 75,3667808755, 20, 11787049;
100000, 100000000, 75,3668910488, 20, 11907759;
100000, 100000000, 75,3668331381, 20, 11753167;
100000, 100000000, 75,3666684262, 20, 11799925;
100000, 100000000, 75,3667526545, 20, 11825635;
100000, 100000000, 75,3671334295, 20, 11778598;
100000, 100000000, 100,4999897699, 20, 16020382;
100000, 100000000, 100,4999897085, 20, 16030512;
100000, 100000000, 100,4999897821, 20, 16008131;
100000, 100000000, 100,4999896895, 20, 16021890;
100000, 100000000, 100,4999897926, 20, 16122270;
100000, 100000000, 100,4999897125, 20, 16169872;
100000, 100000000, 100,4999897210, 20, 16192027;
100000, 100000000, 100,4999896664, 20, 16165216;
100000, 100000000, 100,4999896721, 20, 16205361;
100000, 100000000, 100,4999896934, 20, 16269064;
