TriPigeonnier

Nombre de données, Intervalle des données, Taux de dispersion, nombre d'instructions,mémoire maximale(bytes), temps de traitement(us);
10000, 100, 0,20203, 432, 62;
10000, 100, 0,20203, 432, 61;
10000, 100, 0,20203, 432, 61;
10000, 100, 0,20203, 432, 62;
10000, 100, 0,20203, 432, 62;
10000, 100, 0,20203, 432, 62;
10000, 100, 0,20203, 432, 62;
10000, 100, 0,20203, 432, 62;
10000, 100, 0,20203, 432, 62;
10000, 100, 0,20203, 432, 61;
10000, 100, 25,20203, 432, 100;
10000, 100, 25,20203, 432, 101;
10000, 100, 25,20203, 432, 69;
10000, 100, 25,20203, 432, 61;
10000, 100, 25,20203, 432, 61;
10000, 100, 25,20203, 432, 61;
10000, 100, 25,20203, 432, 61;
10000, 100, 25,20203, 432, 61;
10000, 100, 25,20203, 432, 61;
10000, 100, 25,20203, 432, 62;
10000, 100, 50,20203, 432, 92;
10000, 100, 50,20203, 432, 95;
10000, 100, 50,20203, 432, 92;
10000, 100, 50,20203, 432, 61;
10000, 100, 50,20203, 432, 61;
10000, 100, 50,20203, 432, 61;
10000, 100, 50,20203, 432, 61;
10000, 100, 50,20203, 432, 88;
10000, 100, 50,20203, 432, 86;
10000, 100, 50,20203, 432, 94;
10000, 100, 75,20203, 432, 89;
10000, 100, 75,20203, 432, 97;
10000, 100, 75,20203, 432, 61;
10000, 100, 75,20203, 432, 61;
10000, 100, 75,20203, 432, 61;
10000, 100, 75,20203, 432, 61;
10000, 100, 75,20203, 432, 61;
10000, 100, 75,20203, 432, 61;
10000, 100, 75,20203, 432, 61;
10000, 100, 75,20203, 432, 62;
10000, 100, 100,20203, 432, 61;
10000, 100, 100,20203, 432, 88;
10000, 100, 100,20203, 432, 62;
10000, 100, 100,20203, 432, 61;
10000, 100, 100,20203, 432, 61;
10000, 100, 100,20203, 432, 61;
10000, 100, 100,20203, 432, 61;
10000, 100, 100,20203, 432, 95;
10000, 100, 100,20203, 432, 95;
10000, 100, 100,20203, 432, 94;
10000, 1000, 0,22003, 4032, 75;
10000, 1000, 0,22003, 4032, 108;
10000, 1000, 0,22003, 4032, 112;
10000, 1000, 0,22003, 4032, 111;
10000, 1000, 0,22003, 4032, 110;
10000, 1000, 0,22003, 4032, 75;
10000, 1000, 0,22003, 4032, 76;
10000, 1000, 0,22003, 4032, 76;
10000, 1000, 0,22003, 4032, 75;
10000, 1000, 0,22003, 4032, 78;
10000, 1000, 25,22003, 4032, 76;
10000, 1000, 25,22003, 4032, 75;
10000, 1000, 25,22003, 4032, 76;
10000, 1000, 25,22003, 4032, 75;
10000, 1000, 25,22003, 4032, 75;
10000, 1000, 25,22003, 4032, 76;
10000, 1000, 25,22003, 4032, 76;
10000, 1000, 25,22003, 4032, 75;
10000, 1000, 25,22003, 4032, 76;
10000, 1000, 25,22003, 4032, 76;
10000, 1000, 50,22003, 4032, 75;
10000, 1000, 50,22003, 4032, 75;
10000, 1000, 50,22003, 4032, 75;
10000, 1000, 50,22003, 4032, 75;
10000, 1000, 50,22003, 4032, 76;
10000, 1000, 50,22003, 4032, 75;
10000, 1000, 50,22003, 4032, 76;
10000, 1000, 50,22003, 4032, 104;
10000, 1000, 50,22003, 4032, 103;
10000, 1000, 50,22003, 4032, 103;
10000, 1000, 75,22003, 4032, 148;
10000, 1000, 75,22003, 4032, 111;
10000, 1000, 75,22003, 4032, 112;
10000, 1000, 75,22003, 4032, 111;
10000, 1000, 75,22003, 4032, 110;
10000, 1000, 75,22003, 4032, 114;
10000, 1000, 75,22003, 4032, 76;
10000, 1000, 75,22003, 4032, 76;
10000, 1000, 75,22003, 4032, 76;
10000, 1000, 75,22003, 4032, 108;
10000, 1000, 100,22003, 4032, 76;
10000, 1000, 100,22003, 4032, 76;
10000, 1000, 100,22003, 4032, 76;
10000, 1000, 100,22003, 4032, 76;
10000, 1000, 100,22003, 4032, 76;
10000, 1000, 100,22003, 4032, 75;
10000, 1000, 100,22003, 4032, 75;
10000, 1000, 100,22003, 4032, 76;
10000, 1000, 100,22003, 4032, 75;
10000, 1000, 100,22003, 4032, 76;
10000, 10000, 0,40003, 40032, 185;
10000, 10000, 0,40003, 40032, 182;
10000, 10000, 0,40003, 40032, 183;
10000, 10000, 0,40003, 40032, 184;
10000, 10000, 0,40003, 40032, 187;
10000, 10000, 0,40003, 40032, 185;
10000, 10000, 0,40003, 40032, 185;
10000, 10000, 0,40003, 40032, 171;
10000, 10000, 0,40003, 40032, 172;
10000, 10000, 0,40003, 40032, 170;
10000, 10000, 25,40003, 40032, 184;
10000, 10000, 25,40003, 40032, 170;
10000, 10000, 25,40003, 40032, 170;
10000, 10000, 25,40003, 40032, 170;
10000, 10000, 25,40003, 40032, 170;
10000, 10000, 25,40003, 40032, 171;
10000, 10000, 25,40003, 40032, 171;
10000, 10000, 25,40003, 40032, 171;
10000, 10000, 25,40003, 40032, 173;
10000, 10000, 25,40003, 40032, 171;
10000, 10000, 50,40003, 40032, 183;
10000, 10000, 50,40003, 40032, 171;
10000, 10000, 50,40003, 40032, 171;
10000, 10000, 50,40003, 40032, 183;
10000, 10000, 50,40003, 40032, 172;
10000, 10000, 50,40003, 40032, 170;
10000, 10000, 50,40003, 40032, 172;
10000, 10000, 50,40003, 40032, 171;
10000, 10000, 50,40003, 40032, 171;
10000, 10000, 50,40003, 40032, 183;
10000, 10000, 75,40003, 40032, 184;
10000, 10000, 75,40003, 40032, 183;
10000, 10000, 75,40003, 40032, 206;
10000, 10000, 75,40003, 40032, 185;
10000, 10000, 75,40003, 40032, 172;
10000, 10000, 75,40003, 40032, 171;
10000, 10000, 75,40003, 40032, 171;
10000, 10000, 75,40003, 40032, 183;
10000, 10000, 75,40003, 40032, 181;
10000, 10000, 75,40003, 40032, 171;
10000, 10000, 100,40003, 40032, 183;
10000, 10000, 100,40003, 40032, 172;
10000, 10000, 100,40003, 40032, 171;
10000, 10000, 100,40003, 40032, 171;
10000, 10000, 100,40003, 40032, 170;
10000, 10000, 100,40003, 40032, 170;
10000, 10000, 100,40003, 40032, 171;
10000, 10000, 100,40003, 40032, 170;
10000, 10000, 100,40003, 40032, 171;
10000, 10000, 100,40003, 40032, 172;
10000, 100000, 0,220003, 400032, 727;
10000, 100000, 0,220003, 400032, 635;
10000, 100000, 0,220003, 400032, 617;
10000, 100000, 0,220003, 400032, 616;
10000, 100000, 0,220003, 400032, 617;
10000, 100000, 0,220003, 400032, 616;
10000, 100000, 0,220003, 400032, 618;
10000, 100000, 0,220003, 400032, 623;
10000, 100000, 0,220003, 400032, 619;
10000, 100000, 0,220003, 400032, 617;
10000, 100000, 25,220003, 400032, 616;
10000, 100000, 25,220003, 400032, 995;
10000, 100000, 25,220003, 400032, 588;
10000, 100000, 25,220003, 400032, 618;
10000, 100000, 25,220003, 400032, 618;
10000, 100000, 25,220003, 400032, 619;
10000, 100000, 25,220003, 400032, 691;
10000, 100000, 25,220003, 400032, 617;
10000, 100000, 25,220003, 400032, 578;
10000, 100000, 25,220003, 400032, 580;
10000, 100000, 50,220003, 400032, 616;
10000, 100000, 50,220003, 400032, 639;
10000, 100000, 50,220003, 400032, 580;
10000, 100000, 50,220003, 400032, 583;
10000, 100000, 50,220003, 400032, 579;
10000, 100000, 50,220003, 400032, 579;
10000, 100000, 50,220003, 400032, 692;
10000, 100000, 50,220003, 400032, 626;
10000, 100000, 50,220003, 400032, 578;
10000, 100000, 50,220003, 400032, 582;
10000, 100000, 75,220003, 400032, 620;
10000, 100000, 75,220003, 400032, 617;
10000, 100000, 75,220003, 400032, 579;
10000, 100000, 75,220003, 400032, 581;
10000, 100000, 75,220003, 400032, 619;
10000, 100000, 75,220003, 400032, 606;
10000, 100000, 75,220003, 400032, 578;
10000, 100000, 75,220003, 400032, 578;
10000, 100000, 75,220003, 400032, 580;
10000, 100000, 75,220003, 400032, 580;
10000, 100000, 100,220003, 400032, 625;
10000, 100000, 100,220003, 400032, 621;
10000, 100000, 100,220003, 400032, 580;
10000, 100000, 100,220003, 400032, 578;
10000, 100000, 100,220003, 400032, 579;
10000, 100000, 100,220003, 400032, 579;
10000, 100000, 100,220003, 400032, 580;
10000, 100000, 100,220003, 400032, 581;
10000, 100000, 100,220003, 400032, 617;
10000, 100000, 100,220003, 400032, 579;
20000, 100, 0,40203, 432, 114;
20000, 100, 0,40203, 432, 114;
20000, 100, 0,40203, 432, 123;
20000, 100, 0,40203, 432, 114;
20000, 100, 0,40203, 432, 114;
20000, 100, 0,40203, 432, 114;
20000, 100, 0,40203, 432, 114;
20000, 100, 0,40203, 432, 114;
20000, 100, 0,40203, 432, 114;
20000, 100, 0,40203, 432, 114;
20000, 100, 25,40203, 432, 121;
20000, 100, 25,40203, 432, 121;
20000, 100, 25,40203, 432, 122;
20000, 100, 25,40203, 432, 121;
20000, 100, 25,40203, 432, 122;
20000, 100, 25,40203, 432, 114;
20000, 100, 25,40203, 432, 185;
20000, 100, 25,40203, 432, 191;
20000, 100, 25,40203, 432, 183;
20000, 100, 25,40203, 432, 121;
20000, 100, 50,40203, 432, 121;
20000, 100, 50,40203, 432, 122;
20000, 100, 50,40203, 432, 121;
20000, 100, 50,40203, 432, 121;
20000, 100, 50,40203, 432, 123;
20000, 100, 50,40203, 432, 121;
20000, 100, 50,40203, 432, 121;
20000, 100, 50,40203, 432, 121;
20000, 100, 50,40203, 432, 121;
20000, 100, 50,40203, 432, 181;
20000, 100, 75,40203, 432, 121;
20000, 100, 75,40203, 432, 121;
20000, 100, 75,40203, 432, 122;
20000, 100, 75,40203, 432, 121;
20000, 100, 75,40203, 432, 121;
20000, 100, 75,40203, 432, 168;
20000, 100, 75,40203, 432, 191;
20000, 100, 75,40203, 432, 122;
20000, 100, 75,40203, 432, 121;
20000, 100, 75,40203, 432, 164;
20000, 100, 100,40203, 432, 140;
20000, 100, 100,40203, 432, 122;
20000, 100, 100,40203, 432, 122;
20000, 100, 100,40203, 432, 122;
20000, 100, 100,40203, 432, 123;
20000, 100, 100,40203, 432, 122;
20000, 100, 100,40203, 432, 121;
20000, 100, 100,40203, 432, 121;
20000, 100, 100,40203, 432, 114;
20000, 100, 100,40203, 432, 114;
20000, 1000, 0,42003, 4032, 127;
20000, 1000, 0,42003, 4032, 127;
20000, 1000, 0,42003, 4032, 127;
20000, 1000, 0,42003, 4032, 127;
20000, 1000, 0,42003, 4032, 136;
20000, 1000, 0,42003, 4032, 127;
20000, 1000, 0,42003, 4032, 127;
20000, 1000, 0,42003, 4032, 130;
20000, 1000, 0,42003, 4032, 127;
20000, 1000, 0,42003, 4032, 127;
20000, 1000, 25,42003, 4032, 127;
20000, 1000, 25,42003, 4032, 127;
20000, 1000, 25,42003, 4032, 127;
20000, 1000, 25,42003, 4032, 127;
20000, 1000, 25,42003, 4032, 127;
20000, 1000, 25,42003, 4032, 127;
20000, 1000, 25,42003, 4032, 127;
20000, 1000, 25,42003, 4032, 127;
20000, 1000, 25,42003, 4032, 127;
20000, 1000, 25,42003, 4032, 127;
20000, 1000, 50,42003, 4032, 136;
20000, 1000, 50,42003, 4032, 135;
20000, 1000, 50,42003, 4032, 127;
20000, 1000, 50,42003, 4032, 127;
20000, 1000, 50,42003, 4032, 127;
20000, 1000, 50,42003, 4032, 135;
20000, 1000, 50,42003, 4032, 135;
20000, 1000, 50,42003, 4032, 135;
20000, 1000, 50,42003, 4032, 127;
20000, 1000, 50,42003, 4032, 127;
20000, 1000, 75,42003, 4032, 127;
20000, 1000, 75,42003, 4032, 127;
20000, 1000, 75,42003, 4032, 127;
20000, 1000, 75,42003, 4032, 127;
20000, 1000, 75,42003, 4032, 127;
20000, 1000, 75,42003, 4032, 127;
20000, 1000, 75,42003, 4032, 127;
20000, 1000, 75,42003, 4032, 127;
20000, 1000, 75,42003, 4032, 127;
20000, 1000, 75,42003, 4032, 127;
20000, 1000, 100,42003, 4032, 127;
20000, 1000, 100,42003, 4032, 127;
20000, 1000, 100,42003, 4032, 136;
20000, 1000, 100,42003, 4032, 127;
20000, 1000, 100,42003, 4032, 127;
20000, 1000, 100,42003, 4032, 136;
20000, 1000, 100,42003, 4032, 135;
20000, 1000, 100,42003, 4032, 136;
20000, 1000, 100,42003, 4032, 137;
20000, 1000, 100,42003, 4032, 137;
20000, 10000, 0,60003, 40032, 265;
20000, 10000, 0,60003, 40032, 264;
20000, 10000, 0,60003, 40032, 264;
20000, 10000, 0,60003, 40032, 265;
20000, 10000, 0,60003, 40032, 265;
20000, 10000, 0,60003, 40032, 264;
20000, 10000, 0,60003, 40032, 248;
20000, 10000, 0,60003, 40032, 265;
20000, 10000, 0,60003, 40032, 264;
20000, 10000, 0,60003, 40032, 248;
20000, 10000, 25,60003, 40032, 247;
20000, 10000, 25,60003, 40032, 248;
20000, 10000, 25,60003, 40032, 264;
20000, 10000, 25,60003, 40032, 265;
20000, 10000, 25,60003, 40032, 326;
20000, 10000, 25,60003, 40032, 264;
20000, 10000, 25,60003, 40032, 248;
20000, 10000, 25,60003, 40032, 330;
20000, 10000, 25,60003, 40032, 323;
20000, 10000, 25,60003, 40032, 265;
20000, 10000, 50,60003, 40032, 335;
20000, 10000, 50,60003, 40032, 265;
20000, 10000, 50,60003, 40032, 266;
20000, 10000, 50,60003, 40032, 248;
20000, 10000, 50,60003, 40032, 265;
20000, 10000, 50,60003, 40032, 264;
20000, 10000, 50,60003, 40032, 264;
20000, 10000, 50,60003, 40032, 264;
20000, 10000, 50,60003, 40032, 265;
20000, 10000, 50,60003, 40032, 264;
20000, 10000, 75,60003, 40032, 344;
20000, 10000, 75,60003, 40032, 264;
20000, 10000, 75,60003, 40032, 265;
20000, 10000, 75,60003, 40032, 265;
20000, 10000, 75,60003, 40032, 265;
20000, 10000, 75,60003, 40032, 265;
20000, 10000, 75,60003, 40032, 266;
20000, 10000, 75,60003, 40032, 300;
20000, 10000, 75,60003, 40032, 248;
20000, 10000, 75,60003, 40032, 247;
20000, 10000, 100,60003, 40032, 248;
20000, 10000, 100,60003, 40032, 248;
20000, 10000, 100,60003, 40032, 248;
20000, 10000, 100,60003, 40032, 277;
20000, 10000, 100,60003, 40032, 249;
20000, 10000, 100,60003, 40032, 247;
20000, 10000, 100,60003, 40032, 247;
20000, 10000, 100,60003, 40032, 248;
20000, 10000, 100,60003, 40032, 247;
20000, 10000, 100,60003, 40032, 249;
20000, 100000, 0,240003, 400032, 750;
20000, 100000, 0,240003, 400032, 734;
20000, 100000, 0,240003, 400032, 779;
20000, 100000, 0,240003, 400032, 736;
20000, 100000, 0,240003, 400032, 749;
20000, 100000, 0,240003, 400032, 736;
20000, 100000, 0,240003, 400032, 737;
20000, 100000, 0,240003, 400032, 736;
20000, 100000, 0,240003, 400032, 735;
20000, 100000, 0,240003, 400032, 785;
20000, 100000, 25,240003, 400032, 785;
20000, 100000, 25,240003, 400032, 739;
20000, 100000, 25,240003, 400032, 739;
20000, 100000, 25,240003, 400032, 740;
20000, 100000, 25,240003, 400032, 735;
20000, 100000, 25,240003, 400032, 739;
20000, 100000, 25,240003, 400032, 903;
20000, 100000, 25,240003, 400032, 785;
20000, 100000, 25,240003, 400032, 782;
20000, 100000, 25,240003, 400032, 788;
20000, 100000, 50,240003, 400032, 785;
20000, 100000, 50,240003, 400032, 786;
20000, 100000, 50,240003, 400032, 735;
20000, 100000, 50,240003, 400032, 741;
20000, 100000, 50,240003, 400032, 952;
20000, 100000, 50,240003, 400032, 788;
20000, 100000, 50,240003, 400032, 790;
20000, 100000, 50,240003, 400032, 785;
20000, 100000, 50,240003, 400032, 789;
20000, 100000, 50,240003, 400032, 735;
20000, 100000, 75,240003, 400032, 787;
20000, 100000, 75,240003, 400032, 782;
20000, 100000, 75,240003, 400032, 783;
20000, 100000, 75,240003, 400032, 740;
20000, 100000, 75,240003, 400032, 736;
20000, 100000, 75,240003, 400032, 740;
20000, 100000, 75,240003, 400032, 743;
20000, 100000, 75,240003, 400032, 734;
20000, 100000, 75,240003, 400032, 789;
20000, 100000, 75,240003, 400032, 995;
20000, 100000, 100,240003, 400032, 737;
20000, 100000, 100,240003, 400032, 789;
20000, 100000, 100,240003, 400032, 737;
20000, 100000, 100,240003, 400032, 737;
20000, 100000, 100,240003, 400032, 792;
20000, 100000, 100,240003, 400032, 736;
20000, 100000, 100,240003, 400032, 734;
20000, 100000, 100,240003, 400032, 735;
20000, 100000, 100,240003, 400032, 737;
20000, 100000, 100,240003, 400032, 737;
30000, 100, 0,60203, 432, 182;
30000, 100, 0,60203, 432, 184;
30000, 100, 0,60203, 432, 171;
30000, 100, 0,60203, 432, 170;
30000, 100, 0,60203, 432, 281;
30000, 100, 0,60203, 432, 182;
30000, 100, 0,60203, 432, 182;
30000, 100, 0,60203, 432, 182;
30000, 100, 0,60203, 432, 181;
30000, 100, 0,60203, 432, 181;
30000, 100, 25,60203, 432, 181;
30000, 100, 25,60203, 432, 170;
30000, 100, 25,60203, 432, 170;
30000, 100, 25,60203, 432, 170;
30000, 100, 25,60203, 432, 999;
30000, 100, 25,60203, 432, 182;
30000, 100, 25,60203, 432, 1145;
30000, 100, 25,60203, 432, 267;
30000, 100, 25,60203, 432, 170;
30000, 100, 25,60203, 432, 181;
30000, 100, 50,60203, 432, 181;
30000, 100, 50,60203, 432, 170;
30000, 100, 50,60203, 432, 170;
30000, 100, 50,60203, 432, 170;
30000, 100, 50,60203, 432, 170;
30000, 100, 50,60203, 432, 181;
30000, 100, 50,60203, 432, 181;
30000, 100, 50,60203, 432, 181;
30000, 100, 50,60203, 432, 170;
30000, 100, 50,60203, 432, 170;
30000, 100, 75,60203, 432, 170;
30000, 100, 75,60203, 432, 170;
30000, 100, 75,60203, 432, 170;
30000, 100, 75,60203, 432, 170;
30000, 100, 75,60203, 432, 170;
30000, 100, 75,60203, 432, 170;
30000, 100, 75,60203, 432, 170;
30000, 100, 75,60203, 432, 170;
30000, 100, 75,60203, 432, 170;
30000, 100, 75,60203, 432, 170;
30000, 100, 100,60203, 432, 170;
30000, 100, 100,60203, 432, 171;
30000, 100, 100,60203, 432, 170;
30000, 100, 100,60203, 432, 170;
30000, 100, 100,60203, 432, 170;
30000, 100, 100,60203, 432, 171;
30000, 100, 100,60203, 432, 170;
30000, 100, 100,60203, 432, 171;
30000, 100, 100,60203, 432, 182;
30000, 100, 100,60203, 432, 182;
30000, 1000, 0,62003, 4032, 183;
30000, 1000, 0,62003, 4032, 184;
30000, 1000, 0,62003, 4032, 183;
30000, 1000, 0,62003, 4032, 183;
30000, 1000, 0,62003, 4032, 183;
30000, 1000, 0,62003, 4032, 203;
30000, 1000, 0,62003, 4032, 196;
30000, 1000, 0,62003, 4032, 195;
30000, 1000, 0,62003, 4032, 196;
30000, 1000, 0,62003, 4032, 217;
30000, 1000, 25,62003, 4032, 195;
30000, 1000, 25,62003, 4032, 195;
30000, 1000, 25,62003, 4032, 195;
30000, 1000, 25,62003, 4032, 183;
30000, 1000, 25,62003, 4032, 183;
30000, 1000, 25,62003, 4032, 196;
30000, 1000, 25,62003, 4032, 183;
30000, 1000, 25,62003, 4032, 183;
30000, 1000, 25,62003, 4032, 183;
30000, 1000, 25,62003, 4032, 183;
30000, 1000, 50,62003, 4032, 195;
30000, 1000, 50,62003, 4032, 294;
30000, 1000, 50,62003, 4032, 295;
30000, 1000, 50,62003, 4032, 183;
30000, 1000, 50,62003, 4032, 183;
30000, 1000, 50,62003, 4032, 183;
30000, 1000, 50,62003, 4032, 183;
30000, 1000, 50,62003, 4032, 284;
30000, 1000, 50,62003, 4032, 196;
30000, 1000, 50,62003, 4032, 195;
30000, 1000, 75,62003, 4032, 195;
30000, 1000, 75,62003, 4032, 195;
30000, 1000, 75,62003, 4032, 195;
30000, 1000, 75,62003, 4032, 195;
30000, 1000, 75,62003, 4032, 183;
30000, 1000, 75,62003, 4032, 183;
30000, 1000, 75,62003, 4032, 183;
30000, 1000, 75,62003, 4032, 215;
30000, 1000, 75,62003, 4032, 183;
30000, 1000, 75,62003, 4032, 183;
30000, 1000, 100,62003, 4032, 196;
30000, 1000, 100,62003, 4032, 183;
30000, 1000, 100,62003, 4032, 183;
30000, 1000, 100,62003, 4032, 247;
30000, 1000, 100,62003, 4032, 183;
30000, 1000, 100,62003, 4032, 183;
30000, 1000, 100,62003, 4032, 183;
30000, 1000, 100,62003, 4032, 183;
30000, 1000, 100,62003, 4032, 223;
30000, 1000, 100,62003, 4032, 226;
30000, 10000, 0,80003, 40032, 309;
30000, 10000, 0,80003, 40032, 397;
30000, 10000, 0,80003, 40032, 309;
30000, 10000, 0,80003, 40032, 309;
30000, 10000, 0,80003, 40032, 309;
30000, 10000, 0,80003, 40032, 309;
30000, 10000, 0,80003, 40032, 309;
30000, 10000, 0,80003, 40032, 309;
30000, 10000, 0,80003, 40032, 309;
30000, 10000, 0,80003, 40032, 309;
30000, 10000, 25,80003, 40032, 333;
30000, 10000, 25,80003, 40032, 329;
30000, 10000, 25,80003, 40032, 330;
30000, 10000, 25,80003, 40032, 331;
30000, 10000, 25,80003, 40032, 310;
30000, 10000, 25,80003, 40032, 310;
30000, 10000, 25,80003, 40032, 330;
30000, 10000, 25,80003, 40032, 330;
30000, 10000, 25,80003, 40032, 309;
30000, 10000, 25,80003, 40032, 309;
30000, 10000, 50,80003, 40032, 309;
30000, 10000, 50,80003, 40032, 335;
30000, 10000, 50,80003, 40032, 329;
30000, 10000, 50,80003, 40032, 330;
30000, 10000, 50,80003, 40032, 330;
30000, 10000, 50,80003, 40032, 331;
30000, 10000, 50,80003, 40032, 309;
30000, 10000, 50,80003, 40032, 309;
30000, 10000, 50,80003, 40032, 310;
30000, 10000, 50,80003, 40032, 309;
30000, 10000, 75,80003, 40032, 309;
30000, 10000, 75,80003, 40032, 333;
30000, 10000, 75,80003, 40032, 427;
30000, 10000, 75,80003, 40032, 331;
30000, 10000, 75,80003, 40032, 331;
30000, 10000, 75,80003, 40032, 353;
30000, 10000, 75,80003, 40032, 330;
30000, 10000, 75,80003, 40032, 329;
30000, 10000, 75,80003, 40032, 449;
30000, 10000, 75,80003, 40032, 334;
30000, 10000, 100,80003, 40032, 329;
30000, 10000, 100,80003, 40032, 330;
30000, 10000, 100,80003, 40032, 329;
30000, 10000, 100,80003, 40032, 331;
30000, 10000, 100,80003, 40032, 333;
30000, 10000, 100,80003, 40032, 329;
30000, 10000, 100,80003, 40032, 329;
30000, 10000, 100,80003, 40032, 329;
30000, 10000, 100,80003, 40032, 329;
30000, 10000, 100,80003, 40032, 328;
30000, 100000, 0,260003, 400032, 839;
30000, 100000, 0,260003, 400032, 839;
30000, 100000, 0,260003, 400032, 838;
30000, 100000, 0,260003, 400032, 842;
30000, 100000, 0,260003, 400032, 840;
30000, 100000, 0,260003, 400032, 837;
30000, 100000, 0,260003, 400032, 838;
30000, 100000, 0,260003, 400032, 894;
30000, 100000, 0,260003, 400032, 893;
30000, 100000, 0,260003, 400032, 895;
30000, 100000, 25,260003, 400032, 897;
30000, 100000, 25,260003, 400032, 895;
30000, 100000, 25,260003, 400032, 838;
30000, 100000, 25,260003, 400032, 866;
30000, 100000, 25,260003, 400032, 896;
30000, 100000, 25,260003, 400032, 838;
30000, 100000, 25,260003, 400032, 838;
30000, 100000, 25,260003, 400032, 842;
30000, 100000, 25,260003, 400032, 896;
30000, 100000, 25,260003, 400032, 1316;
30000, 100000, 50,260003, 400032, 839;
30000, 100000, 50,260003, 400032, 896;
30000, 100000, 50,260003, 400032, 930;
30000, 100000, 50,260003, 400032, 894;
30000, 100000, 50,260003, 400032, 896;
30000, 100000, 50,260003, 400032, 894;
30000, 100000, 50,260003, 400032, 839;
30000, 100000, 50,260003, 400032, 904;
30000, 100000, 50,260003, 400032, 868;
30000, 100000, 50,260003, 400032, 838;
30000, 100000, 75,260003, 400032, 895;
30000, 100000, 75,260003, 400032, 894;
30000, 100000, 75,260003, 400032, 894;
30000, 100000, 75,260003, 400032, 841;
30000, 100000, 75,260003, 400032, 839;
30000, 100000, 75,260003, 400032, 896;
30000, 100000, 75,260003, 400032, 959;
30000, 100000, 75,260003, 400032, 895;
30000, 100000, 75,260003, 400032, 896;
30000, 100000, 75,260003, 400032, 841;
30000, 100000, 100,260003, 400032, 838;
30000, 100000, 100,260003, 400032, 1271;
30000, 100000, 100,260003, 400032, 1143;
30000, 100000, 100,260003, 400032, 898;
30000, 100000, 100,260003, 400032, 905;
30000, 100000, 100,260003, 400032, 836;
30000, 100000, 100,260003, 400032, 904;
30000, 100000, 100,260003, 400032, 892;
30000, 100000, 100,260003, 400032, 1882;
30000, 100000, 100,260003, 400032, 899;
40000, 100, 0,80203, 432, 243;
40000, 100, 0,80203, 432, 242;
40000, 100, 0,80203, 432, 241;
40000, 100, 0,80203, 432, 242;
40000, 100, 0,80203, 432, 242;
40000, 100, 0,80203, 432, 242;
40000, 100, 0,80203, 432, 242;
40000, 100, 0,80203, 432, 242;
40000, 100, 0,80203, 432, 242;
40000, 100, 0,80203, 432, 227;
40000, 100, 25,80203, 432, 242;
40000, 100, 25,80203, 432, 226;
40000, 100, 25,80203, 432, 226;
40000, 100, 25,80203, 432, 227;
40000, 100, 25,80203, 432, 226;
40000, 100, 25,80203, 432, 226;
40000, 100, 25,80203, 432, 226;
40000, 100, 25,80203, 432, 242;
40000, 100, 25,80203, 432, 241;
40000, 100, 25,80203, 432, 226;
40000, 100, 50,80203, 432, 226;
40000, 100, 50,80203, 432, 226;
40000, 100, 50,80203, 432, 227;
40000, 100, 50,80203, 432, 242;
40000, 100, 50,80203, 432, 241;
40000, 100, 50,80203, 432, 241;
40000, 100, 50,80203, 432, 226;
40000, 100, 50,80203, 432, 241;
40000, 100, 50,80203, 432, 241;
40000, 100, 50,80203, 432, 242;
40000, 100, 75,80203, 432, 242;
40000, 100, 75,80203, 432, 226;
40000, 100, 75,80203, 432, 227;
40000, 100, 75,80203, 432, 226;
40000, 100, 75,80203, 432, 242;
40000, 100, 75,80203, 432, 242;
40000, 100, 75,80203, 432, 226;
40000, 100, 75,80203, 432, 227;
40000, 100, 75,80203, 432, 226;
40000, 100, 75,80203, 432, 226;
40000, 100, 100,80203, 432, 227;
40000, 100, 100,80203, 432, 226;
40000, 100, 100,80203, 432, 227;
40000, 100, 100,80203, 432, 243;
40000, 100, 100,80203, 432, 242;
40000, 100, 100,80203, 432, 242;
40000, 100, 100,80203, 432, 242;
40000, 100, 100,80203, 432, 241;
40000, 100, 100,80203, 432, 242;
40000, 100, 100,80203, 432, 226;
40000, 1000, 0,82003, 4032, 369;
40000, 1000, 0,82003, 4032, 273;
40000, 1000, 0,82003, 4032, 257;
40000, 1000, 0,82003, 4032, 240;
40000, 1000, 0,82003, 4032, 240;
40000, 1000, 0,82003, 4032, 240;
40000, 1000, 0,82003, 4032, 239;
40000, 1000, 0,82003, 4032, 256;
40000, 1000, 0,82003, 4032, 239;
40000, 1000, 0,82003, 4032, 249;
40000, 1000, 25,82003, 4032, 239;
40000, 1000, 25,82003, 4032, 239;
40000, 1000, 25,82003, 4032, 255;
40000, 1000, 25,82003, 4032, 239;
40000, 1000, 25,82003, 4032, 405;
40000, 1000, 25,82003, 4032, 239;
40000, 1000, 25,82003, 4032, 239;
40000, 1000, 25,82003, 4032, 239;
40000, 1000, 25,82003, 4032, 239;
40000, 1000, 25,82003, 4032, 239;
40000, 1000, 50,82003, 4032, 239;
40000, 1000, 50,82003, 4032, 240;
40000, 1000, 50,82003, 4032, 239;
40000, 1000, 50,82003, 4032, 239;
40000, 1000, 50,82003, 4032, 255;
40000, 1000, 50,82003, 4032, 255;
40000, 1000, 50,82003, 4032, 239;
40000, 1000, 50,82003, 4032, 255;
40000, 1000, 50,82003, 4032, 258;
40000, 1000, 50,82003, 4032, 239;
40000, 1000, 75,82003, 4032, 255;
40000, 1000, 75,82003, 4032, 240;
40000, 1000, 75,82003, 4032, 247;
40000, 1000, 75,82003, 4032, 239;
40000, 1000, 75,82003, 4032, 239;
40000, 1000, 75,82003, 4032, 239;
40000, 1000, 75,82003, 4032, 239;
40000, 1000, 75,82003, 4032, 239;
40000, 1000, 75,82003, 4032, 255;
40000, 1000, 75,82003, 4032, 239;
40000, 1000, 100,82003, 4032, 239;
40000, 1000, 100,82003, 4032, 239;
40000, 1000, 100,82003, 4032, 255;
40000, 1000, 100,82003, 4032, 256;
40000, 1000, 100,82003, 4032, 257;
40000, 1000, 100,82003, 4032, 256;
40000, 1000, 100,82003, 4032, 256;
40000, 1000, 100,82003, 4032, 256;
40000, 1000, 100,82003, 4032, 256;
40000, 1000, 100,82003, 4032, 256;
40000, 10000, 0,100003, 40032, 393;
40000, 10000, 0,100003, 40032, 393;
40000, 10000, 0,100003, 40032, 369;
40000, 10000, 0,100003, 40032, 394;
40000, 10000, 0,100003, 40032, 394;
40000, 10000, 0,100003, 40032, 393;
40000, 10000, 0,100003, 40032, 581;
40000, 10000, 0,100003, 40032, 392;
40000, 10000, 0,100003, 40032, 369;
40000, 10000, 0,100003, 40032, 369;
40000, 10000, 25,100003, 40032, 393;
40000, 10000, 25,100003, 40032, 393;
40000, 10000, 25,100003, 40032, 368;
40000, 10000, 25,100003, 40032, 464;
40000, 10000, 25,100003, 40032, 393;
40000, 10000, 25,100003, 40032, 369;
40000, 10000, 25,100003, 40032, 369;
40000, 10000, 25,100003, 40032, 368;
40000, 10000, 25,100003, 40032, 368;
40000, 10000, 25,100003, 40032, 393;
40000, 10000, 50,100003, 40032, 394;
40000, 10000, 50,100003, 40032, 393;
40000, 10000, 50,100003, 40032, 369;
40000, 10000, 50,100003, 40032, 393;
40000, 10000, 50,100003, 40032, 367;
40000, 10000, 50,100003, 40032, 369;
40000, 10000, 50,100003, 40032, 393;
40000, 10000, 50,100003, 40032, 368;
40000, 10000, 50,100003, 40032, 369;
40000, 10000, 50,100003, 40032, 368;
40000, 10000, 75,100003, 40032, 369;
40000, 10000, 75,100003, 40032, 368;
40000, 10000, 75,100003, 40032, 393;
40000, 10000, 75,100003, 40032, 367;
40000, 10000, 75,100003, 40032, 368;
40000, 10000, 75,100003, 40032, 369;
40000, 10000, 75,100003, 40032, 393;
40000, 10000, 75,100003, 40032, 392;
40000, 10000, 75,100003, 40032, 393;
40000, 10000, 75,100003, 40032, 393;
40000, 10000, 100,100003, 40032, 509;
40000, 10000, 100,100003, 40032, 369;
40000, 10000, 100,100003, 40032, 368;
40000, 10000, 100,100003, 40032, 369;
40000, 10000, 100,100003, 40032, 393;
40000, 10000, 100,100003, 40032, 538;
40000, 10000, 100,100003, 40032, 369;
40000, 10000, 100,100003, 40032, 463;
40000, 10000, 100,100003, 40032, 393;
40000, 10000, 100,100003, 40032, 485;
40000, 100000, 0,280003, 400032, 929;
40000, 100000, 0,280003, 400032, 926;
40000, 100000, 0,280003, 400032, 945;
40000, 100000, 0,280003, 400032, 990;
40000, 100000, 0,280003, 400032, 928;
40000, 100000, 0,280003, 400032, 929;
40000, 100000, 0,280003, 400032, 926;
40000, 100000, 0,280003, 400032, 990;
40000, 100000, 0,280003, 400032, 990;
40000, 100000, 0,280003, 400032, 1009;
40000, 100000, 25,280003, 400032, 928;
40000, 100000, 25,280003, 400032, 929;
40000, 100000, 25,280003, 400032, 931;
40000, 100000, 25,280003, 400032, 1010;
40000, 100000, 25,280003, 400032, 992;
40000, 100000, 25,280003, 400032, 991;
40000, 100000, 25,280003, 400032, 1017;
40000, 100000, 25,280003, 400032, 1014;
40000, 100000, 25,280003, 400032, 928;
40000, 100000, 25,280003, 400032, 953;
40000, 100000, 50,280003, 400032, 1009;
40000, 100000, 50,280003, 400032, 1128;
40000, 100000, 50,280003, 400032, 928;
40000, 100000, 50,280003, 400032, 929;
40000, 100000, 50,280003, 400032, 992;
40000, 100000, 50,280003, 400032, 994;
40000, 100000, 50,280003, 400032, 928;
40000, 100000, 50,280003, 400032, 990;
40000, 100000, 50,280003, 400032, 990;
40000, 100000, 50,280003, 400032, 953;
40000, 100000, 75,280003, 400032, 1109;
40000, 100000, 75,280003, 400032, 927;
40000, 100000, 75,280003, 400032, 991;
40000, 100000, 75,280003, 400032, 995;
40000, 100000, 75,280003, 400032, 989;
40000, 100000, 75,280003, 400032, 993;
40000, 100000, 75,280003, 400032, 986;
40000, 100000, 75,280003, 400032, 991;
40000, 100000, 75,280003, 400032, 1057;
40000, 100000, 75,280003, 400032, 1124;
40000, 100000, 100,280003, 400032, 991;
40000, 100000, 100,280003, 400032, 926;
40000, 100000, 100,280003, 400032, 929;
40000, 100000, 100,280003, 400032, 928;
40000, 100000, 100,280003, 400032, 929;
40000, 100000, 100,280003, 400032, 993;
40000, 100000, 100,280003, 400032, 926;
40000, 100000, 100,280003, 400032, 929;
40000, 100000, 100,280003, 400032, 990;
40000, 100000, 100,280003, 400032, 989;
50000, 100, 0,100203, 432, 310;
50000, 100, 0,100203, 432, 283;
50000, 100, 0,100203, 432, 284;
50000, 100, 0,100203, 432, 284;
50000, 100, 0,100203, 432, 412;
50000, 100, 0,100203, 432, 303;
50000, 100, 0,100203, 432, 302;
50000, 100, 0,100203, 432, 303;
50000, 100, 0,100203, 432, 283;
50000, 100, 0,100203, 432, 479;
50000, 100, 25,100203, 432, 283;
50000, 100, 25,100203, 432, 295;
50000, 100, 25,100203, 432, 282;
50000, 100, 25,100203, 432, 283;
50000, 100, 25,100203, 432, 291;
50000, 100, 25,100203, 432, 283;
50000, 100, 25,100203, 432, 282;
50000, 100, 25,100203, 432, 283;
50000, 100, 25,100203, 432, 283;
50000, 100, 25,100203, 432, 283;
50000, 100, 50,100203, 432, 283;
50000, 100, 50,100203, 432, 283;
50000, 100, 50,100203, 432, 283;
50000, 100, 50,100203, 432, 302;
50000, 100, 50,100203, 432, 302;
50000, 100, 50,100203, 432, 299;
50000, 100, 50,100203, 432, 301;
50000, 100, 50,100203, 432, 302;
50000, 100, 50,100203, 432, 302;
50000, 100, 50,100203, 432, 301;
50000, 100, 75,100203, 432, 283;
50000, 100, 75,100203, 432, 283;
50000, 100, 75,100203, 432, 302;
50000, 100, 75,100203, 432, 302;
50000, 100, 75,100203, 432, 283;
50000, 100, 75,100203, 432, 296;
50000, 100, 75,100203, 432, 283;
50000, 100, 75,100203, 432, 283;
50000, 100, 75,100203, 432, 302;
50000, 100, 75,100203, 432, 283;
50000, 100, 100,100203, 432, 284;
50000, 100, 100,100203, 432, 283;
50000, 100, 100,100203, 432, 283;
50000, 100, 100,100203, 432, 283;
50000, 100, 100,100203, 432, 283;
50000, 100, 100,100203, 432, 363;
50000, 100, 100,100203, 432, 303;
50000, 100, 100,100203, 432, 284;
50000, 100, 100,100203, 432, 302;
50000, 100, 100,100203, 432, 284;
50000, 1000, 0,102003, 4032, 296;
50000, 1000, 0,102003, 4032, 296;
50000, 1000, 0,102003, 4032, 789;
50000, 1000, 0,102003, 4032, 296;
50000, 1000, 0,102003, 4032, 296;
50000, 1000, 0,102003, 4032, 296;
50000, 1000, 0,102003, 4032, 316;
50000, 1000, 0,102003, 4032, 316;
50000, 1000, 0,102003, 4032, 296;
50000, 1000, 0,102003, 4032, 296;
50000, 1000, 25,102003, 4032, 296;
50000, 1000, 25,102003, 4032, 296;
50000, 1000, 25,102003, 4032, 316;
50000, 1000, 25,102003, 4032, 322;
50000, 1000, 25,102003, 4032, 296;
50000, 1000, 25,102003, 4032, 297;
50000, 1000, 25,102003, 4032, 316;
50000, 1000, 25,102003, 4032, 315;
50000, 1000, 25,102003, 4032, 296;
50000, 1000, 25,102003, 4032, 295;
50000, 1000, 50,102003, 4032, 315;
50000, 1000, 50,102003, 4032, 320;
50000, 1000, 50,102003, 4032, 315;
50000, 1000, 50,102003, 4032, 296;
50000, 1000, 50,102003, 4032, 296;
50000, 1000, 50,102003, 4032, 303;
50000, 1000, 50,102003, 4032, 457;
50000, 1000, 50,102003, 4032, 296;
50000, 1000, 50,102003, 4032, 296;
50000, 1000, 50,102003, 4032, 295;
50000, 1000, 75,102003, 4032, 315;
50000, 1000, 75,102003, 4032, 315;
50000, 1000, 75,102003, 4032, 296;
50000, 1000, 75,102003, 4032, 387;
50000, 1000, 75,102003, 4032, 315;
50000, 1000, 75,102003, 4032, 315;
50000, 1000, 75,102003, 4032, 296;
50000, 1000, 75,102003, 4032, 296;
50000, 1000, 75,102003, 4032, 296;
50000, 1000, 75,102003, 4032, 295;
50000, 1000, 100,102003, 4032, 316;
50000, 1000, 100,102003, 4032, 315;
50000, 1000, 100,102003, 4032, 296;
50000, 1000, 100,102003, 4032, 296;
50000, 1000, 100,102003, 4032, 296;
50000, 1000, 100,102003, 4032, 296;
50000, 1000, 100,102003, 4032, 296;
50000, 1000, 100,102003, 4032, 316;
50000, 1000, 100,102003, 4032, 316;
50000, 1000, 100,102003, 4032, 296;
50000, 10000, 0,120003, 40032, 464;
50000, 10000, 0,120003, 40032, 427;
50000, 10000, 0,120003, 40032, 426;
50000, 10000, 0,120003, 40032, 455;
50000, 10000, 0,120003, 40032, 455;
50000, 10000, 0,120003, 40032, 456;
50000, 10000, 0,120003, 40032, 455;
50000, 10000, 0,120003, 40032, 456;
50000, 10000, 0,120003, 40032, 472;
50000, 10000, 0,120003, 40032, 456;
50000, 10000, 25,120003, 40032, 455;
50000, 10000, 25,120003, 40032, 455;
50000, 10000, 25,120003, 40032, 455;
50000, 10000, 25,120003, 40032, 454;
50000, 10000, 25,120003, 40032, 455;
50000, 10000, 25,120003, 40032, 456;
50000, 10000, 25,120003, 40032, 456;
50000, 10000, 25,120003, 40032, 456;
50000, 10000, 25,120003, 40032, 428;
50000, 10000, 25,120003, 40032, 427;
50000, 10000, 50,120003, 40032, 642;
50000, 10000, 50,120003, 40032, 456;
50000, 10000, 50,120003, 40032, 454;
50000, 10000, 50,120003, 40032, 455;
50000, 10000, 50,120003, 40032, 426;
50000, 10000, 50,120003, 40032, 426;
50000, 10000, 50,120003, 40032, 427;
50000, 10000, 50,120003, 40032, 427;
50000, 10000, 50,120003, 40032, 427;
50000, 10000, 50,120003, 40032, 427;
50000, 10000, 75,120003, 40032, 425;
50000, 10000, 75,120003, 40032, 428;
50000, 10000, 75,120003, 40032, 427;
50000, 10000, 75,120003, 40032, 436;
50000, 10000, 75,120003, 40032, 455;
50000, 10000, 75,120003, 40032, 427;
50000, 10000, 75,120003, 40032, 427;
50000, 10000, 75,120003, 40032, 427;
50000, 10000, 75,120003, 40032, 457;
50000, 10000, 75,120003, 40032, 426;
50000, 10000, 100,120003, 40032, 457;
50000, 10000, 100,120003, 40032, 427;
50000, 10000, 100,120003, 40032, 426;
50000, 10000, 100,120003, 40032, 456;
50000, 10000, 100,120003, 40032, 605;
50000, 10000, 100,120003, 40032, 458;
50000, 10000, 100,120003, 40032, 457;
50000, 10000, 100,120003, 40032, 456;
50000, 10000, 100,120003, 40032, 457;
50000, 10000, 100,120003, 40032, 455;
50000, 100000, 0,300003, 400032, 1162;
50000, 100000, 0,300003, 400032, 1072;
50000, 100000, 0,300003, 400032, 1008;
50000, 100000, 0,300003, 400032, 1008;
50000, 100000, 0,300003, 400032, 1008;
50000, 100000, 0,300003, 400032, 1321;
50000, 100000, 0,300003, 400032, 1012;
50000, 100000, 0,300003, 400032, 1078;
50000, 100000, 0,300003, 400032, 1076;
50000, 100000, 0,300003, 400032, 1077;
50000, 100000, 25,300003, 400032, 1079;
50000, 100000, 25,300003, 400032, 1079;
50000, 100000, 25,300003, 400032, 1009;
50000, 100000, 25,300003, 400032, 1077;
50000, 100000, 25,300003, 400032, 1010;
50000, 100000, 25,300003, 400032, 1012;
50000, 100000, 25,300003, 400032, 1012;
50000, 100000, 25,300003, 400032, 1010;
50000, 100000, 25,300003, 400032, 1074;
50000, 100000, 25,300003, 400032, 1076;
50000, 100000, 50,300003, 400032, 1078;
50000, 100000, 50,300003, 400032, 1015;
50000, 100000, 50,300003, 400032, 1010;
50000, 100000, 50,300003, 400032, 1010;
50000, 100000, 50,300003, 400032, 1010;
50000, 100000, 50,300003, 400032, 1076;
50000, 100000, 50,300003, 400032, 1088;
50000, 100000, 50,300003, 400032, 1012;
50000, 100000, 50,300003, 400032, 1077;
50000, 100000, 50,300003, 400032, 1081;
50000, 100000, 75,300003, 400032, 1078;
50000, 100000, 75,300003, 400032, 1079;
50000, 100000, 75,300003, 400032, 1008;
50000, 100000, 75,300003, 400032, 1078;
50000, 100000, 75,300003, 400032, 1083;
50000, 100000, 75,300003, 400032, 1010;
50000, 100000, 75,300003, 400032, 1010;
50000, 100000, 75,300003, 400032, 1009;
50000, 100000, 75,300003, 400032, 1008;
50000, 100000, 75,300003, 400032, 1077;
50000, 100000, 100,300003, 400032, 1487;
50000, 100000, 100,300003, 400032, 1008;
50000, 100000, 100,300003, 400032, 1077;
50000, 100000, 100,300003, 400032, 1078;
50000, 100000, 100,300003, 400032, 1010;
50000, 100000, 100,300003, 400032, 1009;
50000, 100000, 100,300003, 400032, 1008;
50000, 100000, 100,300003, 400032, 1076;
50000, 100000, 100,300003, 400032, 1010;
50000, 100000, 100,300003, 400032, 1011;
60000, 100, 0,120203, 432, 362;
60000, 100, 0,120203, 432, 340;
60000, 100, 0,120203, 432, 340;
60000, 100, 0,120203, 432, 362;
60000, 100, 0,120203, 432, 363;
60000, 100, 0,120203, 432, 339;
60000, 100, 0,120203, 432, 341;
60000, 100, 0,120203, 432, 362;
60000, 100, 0,120203, 432, 362;
60000, 100, 0,120203, 432, 339;
60000, 100, 25,120203, 432, 339;
60000, 100, 25,120203, 432, 361;
60000, 100, 25,120203, 432, 339;
60000, 100, 25,120203, 432, 362;
60000, 100, 25,120203, 432, 362;
60000, 100, 25,120203, 432, 339;
60000, 100, 25,120203, 432, 372;
60000, 100, 25,120203, 432, 374;
60000, 100, 25,120203, 432, 339;
60000, 100, 25,120203, 432, 339;
60000, 100, 50,120203, 432, 361;
60000, 100, 50,120203, 432, 418;
60000, 100, 50,120203, 432, 361;
60000, 100, 50,120203, 432, 361;
60000, 100, 50,120203, 432, 361;
60000, 100, 50,120203, 432, 339;
60000, 100, 50,120203, 432, 339;
60000, 100, 50,120203, 432, 365;
60000, 100, 50,120203, 432, 361;
60000, 100, 50,120203, 432, 339;
60000, 100, 75,120203, 432, 339;
60000, 100, 75,120203, 432, 339;
60000, 100, 75,120203, 432, 361;
60000, 100, 75,120203, 432, 347;
60000, 100, 75,120203, 432, 339;
60000, 100, 75,120203, 432, 339;
60000, 100, 75,120203, 432, 379;
60000, 100, 75,120203, 432, 339;
60000, 100, 75,120203, 432, 362;
60000, 100, 75,120203, 432, 339;
60000, 100, 100,120203, 432, 607;
60000, 100, 100,120203, 432, 339;
60000, 100, 100,120203, 432, 341;
60000, 100, 100,120203, 432, 351;
60000, 100, 100,120203, 432, 358;
60000, 100, 100,120203, 432, 339;
60000, 100, 100,120203, 432, 339;
60000, 100, 100,120203, 432, 363;
60000, 100, 100,120203, 432, 363;
60000, 100, 100,120203, 432, 363;
60000, 1000, 0,122003, 4032, 393;
60000, 1000, 0,122003, 4032, 376;
60000, 1000, 0,122003, 4032, 353;
60000, 1000, 0,122003, 4032, 352;
60000, 1000, 0,122003, 4032, 352;
60000, 1000, 0,122003, 4032, 376;
60000, 1000, 0,122003, 4032, 353;
60000, 1000, 0,122003, 4032, 353;
60000, 1000, 0,122003, 4032, 376;
60000, 1000, 0,122003, 4032, 376;
60000, 1000, 25,122003, 4032, 352;
60000, 1000, 25,122003, 4032, 352;
60000, 1000, 25,122003, 4032, 352;
60000, 1000, 25,122003, 4032, 376;
60000, 1000, 25,122003, 4032, 352;
60000, 1000, 25,122003, 4032, 352;
60000, 1000, 25,122003, 4032, 352;
60000, 1000, 25,122003, 4032, 352;
60000, 1000, 25,122003, 4032, 381;
60000, 1000, 25,122003, 4032, 352;
60000, 1000, 50,122003, 4032, 352;
60000, 1000, 50,122003, 4032, 352;
60000, 1000, 50,122003, 4032, 375;
60000, 1000, 50,122003, 4032, 352;
60000, 1000, 50,122003, 4032, 352;
60000, 1000, 50,122003, 4032, 375;
60000, 1000, 50,122003, 4032, 376;
60000, 1000, 50,122003, 4032, 375;
60000, 1000, 50,122003, 4032, 375;
60000, 1000, 50,122003, 4032, 352;
60000, 1000, 75,122003, 4032, 376;
60000, 1000, 75,122003, 4032, 377;
60000, 1000, 75,122003, 4032, 375;
60000, 1000, 75,122003, 4032, 376;
60000, 1000, 75,122003, 4032, 376;
60000, 1000, 75,122003, 4032, 352;
60000, 1000, 75,122003, 4032, 581;
60000, 1000, 75,122003, 4032, 376;
60000, 1000, 75,122003, 4032, 352;
60000, 1000, 75,122003, 4032, 376;
60000, 1000, 100,122003, 4032, 353;
60000, 1000, 100,122003, 4032, 353;
60000, 1000, 100,122003, 4032, 352;
60000, 1000, 100,122003, 4032, 376;
60000, 1000, 100,122003, 4032, 376;
60000, 1000, 100,122003, 4032, 353;
60000, 1000, 100,122003, 4032, 352;
60000, 1000, 100,122003, 4032, 376;
60000, 1000, 100,122003, 4032, 376;
60000, 1000, 100,122003, 4032, 352;
60000, 10000, 0,140003, 40032, 484;
60000, 10000, 0,140003, 40032, 484;
60000, 10000, 0,140003, 40032, 516;
60000, 10000, 0,140003, 40032, 516;
60000, 10000, 0,140003, 40032, 491;
60000, 10000, 0,140003, 40032, 517;
60000, 10000, 0,140003, 40032, 540;
60000, 10000, 0,140003, 40032, 485;
60000, 10000, 0,140003, 40032, 516;
60000, 10000, 0,140003, 40032, 484;
60000, 10000, 25,140003, 40032, 516;
60000, 10000, 25,140003, 40032, 483;
60000, 10000, 25,140003, 40032, 517;
60000, 10000, 25,140003, 40032, 517;
60000, 10000, 25,140003, 40032, 517;
60000, 10000, 25,140003, 40032, 517;
60000, 10000, 25,140003, 40032, 505;
60000, 10000, 25,140003, 40032, 530;
60000, 10000, 25,140003, 40032, 515;
60000, 10000, 25,140003, 40032, 517;
60000, 10000, 50,140003, 40032, 529;
60000, 10000, 50,140003, 40032, 484;
60000, 10000, 50,140003, 40032, 485;
60000, 10000, 50,140003, 40032, 483;
60000, 10000, 50,140003, 40032, 683;
60000, 10000, 50,140003, 40032, 483;
60000, 10000, 50,140003, 40032, 484;
60000, 10000, 50,140003, 40032, 484;
60000, 10000, 50,140003, 40032, 515;
60000, 10000, 50,140003, 40032, 484;
60000, 10000, 75,140003, 40032, 485;
60000, 10000, 75,140003, 40032, 483;
60000, 10000, 75,140003, 40032, 485;
60000, 10000, 75,140003, 40032, 483;
60000, 10000, 75,140003, 40032, 485;
60000, 10000, 75,140003, 40032, 485;
60000, 10000, 75,140003, 40032, 485;
60000, 10000, 75,140003, 40032, 517;
60000, 10000, 75,140003, 40032, 484;
60000, 10000, 75,140003, 40032, 483;
60000, 10000, 100,140003, 40032, 485;
60000, 10000, 100,140003, 40032, 484;
60000, 10000, 100,140003, 40032, 517;
60000, 10000, 100,140003, 40032, 518;
60000, 10000, 100,140003, 40032, 517;
60000, 10000, 100,140003, 40032, 517;
60000, 10000, 100,140003, 40032, 518;
60000, 10000, 100,140003, 40032, 517;
60000, 10000, 100,140003, 40032, 516;
60000, 10000, 100,140003, 40032, 519;
60000, 100000, 0,320003, 400032, 1083;
60000, 100000, 0,320003, 400032, 1083;
60000, 100000, 0,320003, 400032, 1082;
60000, 100000, 0,320003, 400032, 1081;
60000, 100000, 0,320003, 400032, 1082;
60000, 100000, 0,320003, 400032, 1081;
60000, 100000, 0,320003, 400032, 1082;
60000, 100000, 0,320003, 400032, 1154;
60000, 100000, 0,320003, 400032, 1083;
60000, 100000, 0,320003, 400032, 1082;
60000, 100000, 25,320003, 400032, 1081;
60000, 100000, 25,320003, 400032, 1085;
60000, 100000, 25,320003, 400032, 1099;
60000, 100000, 25,320003, 400032, 1160;
60000, 100000, 25,320003, 400032, 1084;
60000, 100000, 25,320003, 400032, 1153;
60000, 100000, 25,320003, 400032, 1153;
60000, 100000, 25,320003, 400032, 1082;
60000, 100000, 25,320003, 400032, 1080;
60000, 100000, 25,320003, 400032, 1082;
60000, 100000, 50,320003, 400032, 1154;
60000, 100000, 50,320003, 400032, 1083;
60000, 100000, 50,320003, 400032, 1083;
60000, 100000, 50,320003, 400032, 1507;
60000, 100000, 50,320003, 400032, 1154;
60000, 100000, 50,320003, 400032, 1160;
60000, 100000, 50,320003, 400032, 1153;
60000, 100000, 50,320003, 400032, 1153;
60000, 100000, 50,320003, 400032, 1081;
60000, 100000, 50,320003, 400032, 1152;
60000, 100000, 75,320003, 400032, 1085;
60000, 100000, 75,320003, 400032, 1082;
60000, 100000, 75,320003, 400032, 1080;
60000, 100000, 75,320003, 400032, 1081;
60000, 100000, 75,320003, 400032, 1082;
60000, 100000, 75,320003, 400032, 1081;
60000, 100000, 75,320003, 400032, 1083;
60000, 100000, 75,320003, 400032, 1089;
60000, 100000, 75,320003, 400032, 1156;
60000, 100000, 75,320003, 400032, 1083;
60000, 100000, 100,320003, 400032, 1081;
60000, 100000, 100,320003, 400032, 1154;
60000, 100000, 100,320003, 400032, 1153;
60000, 100000, 100,320003, 400032, 1156;
60000, 100000, 100,320003, 400032, 1154;
60000, 100000, 100,320003, 400032, 1081;
60000, 100000, 100,320003, 400032, 1086;
60000, 100000, 100,320003, 400032, 1216;
60000, 100000, 100,320003, 400032, 1155;
60000, 100000, 100,320003, 400032, 1084;
70000, 100, 0,140203, 432, 423;
70000, 100, 0,140203, 432, 396;
70000, 100, 0,140203, 432, 839;
70000, 100, 0,140203, 432, 649;
70000, 100, 0,140203, 432, 423;
70000, 100, 0,140203, 432, 635;
70000, 100, 0,140203, 432, 422;
70000, 100, 0,140203, 432, 423;
70000, 100, 0,140203, 432, 423;
70000, 100, 0,140203, 432, 396;
70000, 100, 25,140203, 432, 395;
70000, 100, 25,140203, 432, 395;
70000, 100, 25,140203, 432, 422;
70000, 100, 25,140203, 432, 422;
70000, 100, 25,140203, 432, 421;
70000, 100, 25,140203, 432, 421;
70000, 100, 25,140203, 432, 422;
70000, 100, 25,140203, 432, 422;
70000, 100, 25,140203, 432, 395;
70000, 100, 25,140203, 432, 395;
70000, 100, 50,140203, 432, 421;
70000, 100, 50,140203, 432, 421;
70000, 100, 50,140203, 432, 395;
70000, 100, 50,140203, 432, 395;
70000, 100, 50,140203, 432, 395;
70000, 100, 50,140203, 432, 422;
70000, 100, 50,140203, 432, 395;
70000, 100, 50,140203, 432, 395;
70000, 100, 50,140203, 432, 421;
70000, 100, 50,140203, 432, 395;
70000, 100, 75,140203, 432, 425;
70000, 100, 75,140203, 432, 422;
70000, 100, 75,140203, 432, 421;
70000, 100, 75,140203, 432, 421;
70000, 100, 75,140203, 432, 421;
70000, 100, 75,140203, 432, 635;
70000, 100, 75,140203, 432, 843;
70000, 100, 75,140203, 432, 421;
70000, 100, 75,140203, 432, 425;
70000, 100, 75,140203, 432, 395;
70000, 100, 100,140203, 432, 396;
70000, 100, 100,140203, 432, 396;
70000, 100, 100,140203, 432, 395;
70000, 100, 100,140203, 432, 396;
70000, 100, 100,140203, 432, 423;
70000, 100, 100,140203, 432, 396;
70000, 100, 100,140203, 432, 396;
70000, 100, 100,140203, 432, 397;
70000, 100, 100,140203, 432, 396;
70000, 100, 100,140203, 432, 422;
70000, 1000, 0,142003, 4032, 438;
70000, 1000, 0,142003, 4032, 437;
70000, 1000, 0,142003, 4032, 436;
70000, 1000, 0,142003, 4032, 437;
70000, 1000, 0,142003, 4032, 409;
70000, 1000, 0,142003, 4032, 437;
70000, 1000, 0,142003, 4032, 409;
70000, 1000, 0,142003, 4032, 409;
70000, 1000, 0,142003, 4032, 409;
70000, 1000, 0,142003, 4032, 438;
70000, 1000, 25,142003, 4032, 435;
70000, 1000, 25,142003, 4032, 435;
70000, 1000, 25,142003, 4032, 436;
70000, 1000, 25,142003, 4032, 436;
70000, 1000, 25,142003, 4032, 408;
70000, 1000, 25,142003, 4032, 408;
70000, 1000, 25,142003, 4032, 571;
70000, 1000, 25,142003, 4032, 408;
70000, 1000, 25,142003, 4032, 408;
70000, 1000, 25,142003, 4032, 612;
70000, 1000, 50,142003, 4032, 408;
70000, 1000, 50,142003, 4032, 408;
70000, 1000, 50,142003, 4032, 408;
70000, 1000, 50,142003, 4032, 408;
70000, 1000, 50,142003, 4032, 408;
70000, 1000, 50,142003, 4032, 408;
70000, 1000, 50,142003, 4032, 408;
70000, 1000, 50,142003, 4032, 408;
70000, 1000, 50,142003, 4032, 408;
70000, 1000, 50,142003, 4032, 408;
70000, 1000, 75,142003, 4032, 435;
70000, 1000, 75,142003, 4032, 408;
70000, 1000, 75,142003, 4032, 408;
70000, 1000, 75,142003, 4032, 436;
70000, 1000, 75,142003, 4032, 436;
70000, 1000, 75,142003, 4032, 408;
70000, 1000, 75,142003, 4032, 436;
70000, 1000, 75,142003, 4032, 436;
70000, 1000, 75,142003, 4032, 436;
70000, 1000, 75,142003, 4032, 436;
70000, 1000, 100,142003, 4032, 438;
70000, 1000, 100,142003, 4032, 437;
70000, 1000, 100,142003, 4032, 461;
70000, 1000, 100,142003, 4032, 409;
70000, 1000, 100,142003, 4032, 409;
70000, 1000, 100,142003, 4032, 409;
70000, 1000, 100,142003, 4032, 436;
70000, 1000, 100,142003, 4032, 436;
70000, 1000, 100,142003, 4032, 440;
70000, 1000, 100,142003, 4032, 409;
70000, 10000, 0,160003, 40032, 542;
70000, 10000, 0,160003, 40032, 541;
70000, 10000, 0,160003, 40032, 541;
70000, 10000, 0,160003, 40032, 578;
70000, 10000, 0,160003, 40032, 577;
70000, 10000, 0,160003, 40032, 541;
70000, 10000, 0,160003, 40032, 700;
70000, 10000, 0,160003, 40032, 542;
70000, 10000, 0,160003, 40032, 561;
70000, 10000, 0,160003, 40032, 541;
70000, 10000, 25,160003, 40032, 542;
70000, 10000, 25,160003, 40032, 578;
70000, 10000, 25,160003, 40032, 578;
70000, 10000, 25,160003, 40032, 541;
70000, 10000, 25,160003, 40032, 579;
70000, 10000, 25,160003, 40032, 579;
70000, 10000, 25,160003, 40032, 541;
70000, 10000, 25,160003, 40032, 579;
70000, 10000, 25,160003, 40032, 578;
70000, 10000, 25,160003, 40032, 541;
70000, 10000, 50,160003, 40032, 604;
70000, 10000, 50,160003, 40032, 541;
70000, 10000, 50,160003, 40032, 541;
70000, 10000, 50,160003, 40032, 578;
70000, 10000, 50,160003, 40032, 541;
70000, 10000, 50,160003, 40032, 541;
70000, 10000, 50,160003, 40032, 542;
70000, 10000, 50,160003, 40032, 541;
70000, 10000, 50,160003, 40032, 542;
70000, 10000, 50,160003, 40032, 542;
70000, 10000, 75,160003, 40032, 580;
70000, 10000, 75,160003, 40032, 543;
70000, 10000, 75,160003, 40032, 577;
70000, 10000, 75,160003, 40032, 542;
70000, 10000, 75,160003, 40032, 578;
70000, 10000, 75,160003, 40032, 546;
70000, 10000, 75,160003, 40032, 542;
70000, 10000, 75,160003, 40032, 591;
70000, 10000, 75,160003, 40032, 579;
70000, 10000, 75,160003, 40032, 578;
70000, 10000, 100,160003, 40032, 1044;
70000, 10000, 100,160003, 40032, 820;
70000, 10000, 100,160003, 40032, 541;
70000, 10000, 100,160003, 40032, 541;
70000, 10000, 100,160003, 40032, 542;
70000, 10000, 100,160003, 40032, 580;
70000, 10000, 100,160003, 40032, 579;
70000, 10000, 100,160003, 40032, 578;
70000, 10000, 100,160003, 40032, 543;
70000, 10000, 100,160003, 40032, 543;
70000, 100000, 0,340003, 400032, 1225;
70000, 100000, 0,340003, 400032, 1148;
70000, 100000, 0,340003, 400032, 1150;
70000, 100000, 0,340003, 400032, 1172;
70000, 100000, 0,340003, 400032, 1144;
70000, 100000, 0,340003, 400032, 1196;
70000, 100000, 0,340003, 400032, 1147;
70000, 100000, 0,340003, 400032, 1222;
70000, 100000, 0,340003, 400032, 1147;
70000, 100000, 0,340003, 400032, 1147;
70000, 100000, 25,340003, 400032, 1580;
70000, 100000, 25,340003, 400032, 1148;
70000, 100000, 25,340003, 400032, 1225;
70000, 100000, 25,340003, 400032, 1242;
70000, 100000, 25,340003, 400032, 1227;
70000, 100000, 25,340003, 400032, 1145;
70000, 100000, 25,340003, 400032, 1146;
70000, 100000, 25,340003, 400032, 1320;
70000, 100000, 25,340003, 400032, 1225;
70000, 100000, 25,340003, 400032, 1230;
70000, 100000, 50,340003, 400032, 1228;
70000, 100000, 50,340003, 400032, 1226;
70000, 100000, 50,340003, 400032, 1422;
70000, 100000, 50,340003, 400032, 1224;
70000, 100000, 50,340003, 400032, 1144;
70000, 100000, 50,340003, 400032, 1145;
70000, 100000, 50,340003, 400032, 1150;
70000, 100000, 50,340003, 400032, 1146;
70000, 100000, 50,340003, 400032, 1224;
70000, 100000, 50,340003, 400032, 1146;
70000, 100000, 75,340003, 400032, 1147;
70000, 100000, 75,340003, 400032, 1186;
70000, 100000, 75,340003, 400032, 1148;
70000, 100000, 75,340003, 400032, 1147;
70000, 100000, 75,340003, 400032, 1148;
70000, 100000, 75,340003, 400032, 1234;
70000, 100000, 75,340003, 400032, 1337;
70000, 100000, 75,340003, 400032, 1147;
70000, 100000, 75,340003, 400032, 1147;
70000, 100000, 75,340003, 400032, 1223;
70000, 100000, 100,340003, 400032, 1149;
70000, 100000, 100,340003, 400032, 1221;
70000, 100000, 100,340003, 400032, 1219;
70000, 100000, 100,340003, 400032, 1576;
70000, 100000, 100,340003, 400032, 1146;
70000, 100000, 100,340003, 400032, 1145;
70000, 100000, 100,340003, 400032, 1230;
70000, 100000, 100,340003, 400032, 1148;
70000, 100000, 100,340003, 400032, 1147;
70000, 100000, 100,340003, 400032, 1145;
80000, 100, 0,160203, 432, 483;
80000, 100, 0,160203, 432, 483;
80000, 100, 0,160203, 432, 452;
80000, 100, 0,160203, 432, 540;
80000, 100, 0,160203, 432, 453;
80000, 100, 0,160203, 432, 453;
80000, 100, 0,160203, 432, 549;
80000, 100, 0,160203, 432, 483;
80000, 100, 0,160203, 432, 453;
80000, 100, 0,160203, 432, 452;
80000, 100, 25,160203, 432, 491;
80000, 100, 25,160203, 432, 482;
80000, 100, 25,160203, 432, 482;
80000, 100, 25,160203, 432, 451;
80000, 100, 25,160203, 432, 481;
80000, 100, 25,160203, 432, 451;
80000, 100, 25,160203, 432, 481;
80000, 100, 25,160203, 432, 479;
80000, 100, 25,160203, 432, 451;
80000, 100, 25,160203, 432, 688;
80000, 100, 50,160203, 432, 481;
80000, 100, 50,160203, 432, 548;
80000, 100, 50,160203, 432, 482;
80000, 100, 50,160203, 432, 588;
80000, 100, 50,160203, 432, 481;
80000, 100, 50,160203, 432, 496;
80000, 100, 50,160203, 432, 481;
80000, 100, 50,160203, 432, 451;
80000, 100, 50,160203, 432, 451;
80000, 100, 50,160203, 432, 481;
80000, 100, 75,160203, 432, 451;
80000, 100, 75,160203, 432, 451;
80000, 100, 75,160203, 432, 451;
80000, 100, 75,160203, 432, 561;
80000, 100, 75,160203, 432, 481;
80000, 100, 75,160203, 432, 481;
80000, 100, 75,160203, 432, 481;
80000, 100, 75,160203, 432, 925;
80000, 100, 75,160203, 432, 452;
80000, 100, 75,160203, 432, 452;
80000, 100, 100,160203, 432, 483;
80000, 100, 100,160203, 432, 484;
80000, 100, 100,160203, 432, 452;
80000, 100, 100,160203, 432, 484;
80000, 100, 100,160203, 432, 483;
80000, 100, 100,160203, 432, 704;
80000, 100, 100,160203, 432, 453;
80000, 100, 100,160203, 432, 483;
80000, 100, 100,160203, 432, 453;
80000, 100, 100,160203, 432, 483;
80000, 1000, 0,162003, 4032, 475;
80000, 1000, 0,162003, 4032, 466;
80000, 1000, 0,162003, 4032, 535;
80000, 1000, 0,162003, 4032, 465;
80000, 1000, 0,162003, 4032, 465;
80000, 1000, 0,162003, 4032, 465;
80000, 1000, 0,162003, 4032, 466;
80000, 1000, 0,162003, 4032, 465;
80000, 1000, 0,162003, 4032, 497;
80000, 1000, 0,162003, 4032, 465;
80000, 1000, 25,162003, 4032, 464;
80000, 1000, 25,162003, 4032, 503;
80000, 1000, 25,162003, 4032, 464;
80000, 1000, 25,162003, 4032, 501;
80000, 1000, 25,162003, 4032, 464;
80000, 1000, 25,162003, 4032, 505;
80000, 1000, 25,162003, 4032, 464;
80000, 1000, 25,162003, 4032, 464;
80000, 1000, 25,162003, 4032, 464;
80000, 1000, 25,162003, 4032, 464;
80000, 1000, 50,162003, 4032, 496;
80000, 1000, 50,162003, 4032, 464;
80000, 1000, 50,162003, 4032, 496;
80000, 1000, 50,162003, 4032, 495;
80000, 1000, 50,162003, 4032, 496;
80000, 1000, 50,162003, 4032, 464;
80000, 1000, 50,162003, 4032, 495;
80000, 1000, 50,162003, 4032, 464;
80000, 1000, 50,162003, 4032, 496;
80000, 1000, 50,162003, 4032, 495;
80000, 1000, 75,162003, 4032, 497;
80000, 1000, 75,162003, 4032, 496;
80000, 1000, 75,162003, 4032, 464;
80000, 1000, 75,162003, 4032, 496;
80000, 1000, 75,162003, 4032, 496;
80000, 1000, 75,162003, 4032, 582;
80000, 1000, 75,162003, 4032, 465;
80000, 1000, 75,162003, 4032, 464;
80000, 1000, 75,162003, 4032, 531;
80000, 1000, 75,162003, 4032, 464;
80000, 1000, 100,162003, 4032, 465;
80000, 1000, 100,162003, 4032, 465;
80000, 1000, 100,162003, 4032, 464;
80000, 1000, 100,162003, 4032, 497;
80000, 1000, 100,162003, 4032, 498;
80000, 1000, 100,162003, 4032, 496;
80000, 1000, 100,162003, 4032, 497;
80000, 1000, 100,162003, 4032, 517;
80000, 1000, 100,162003, 4032, 497;
80000, 1000, 100,162003, 4032, 496;
80000, 10000, 0,180003, 40032, 600;
80000, 10000, 0,180003, 40032, 601;
80000, 10000, 0,180003, 40032, 598;
80000, 10000, 0,180003, 40032, 599;
80000, 10000, 0,180003, 40032, 643;
80000, 10000, 0,180003, 40032, 598;
80000, 10000, 0,180003, 40032, 650;
80000, 10000, 0,180003, 40032, 599;
80000, 10000, 0,180003, 40032, 598;
80000, 10000, 0,180003, 40032, 639;
80000, 10000, 25,180003, 40032, 638;
80000, 10000, 25,180003, 40032, 599;
80000, 10000, 25,180003, 40032, 599;
80000, 10000, 25,180003, 40032, 599;
80000, 10000, 25,180003, 40032, 599;
80000, 10000, 25,180003, 40032, 640;
80000, 10000, 25,180003, 40032, 598;
80000, 10000, 25,180003, 40032, 639;
80000, 10000, 25,180003, 40032, 599;
80000, 10000, 25,180003, 40032, 640;
80000, 10000, 50,180003, 40032, 598;
80000, 10000, 50,180003, 40032, 1391;
80000, 10000, 50,180003, 40032, 639;
80000, 10000, 50,180003, 40032, 638;
80000, 10000, 50,180003, 40032, 669;
80000, 10000, 50,180003, 40032, 639;
80000, 10000, 50,180003, 40032, 638;
80000, 10000, 50,180003, 40032, 599;
80000, 10000, 50,180003, 40032, 599;
80000, 10000, 50,180003, 40032, 639;
80000, 10000, 75,180003, 40032, 640;
80000, 10000, 75,180003, 40032, 599;
80000, 10000, 75,180003, 40032, 639;
80000, 10000, 75,180003, 40032, 599;
80000, 10000, 75,180003, 40032, 670;
80000, 10000, 75,180003, 40032, 640;
80000, 10000, 75,180003, 40032, 639;
80000, 10000, 75,180003, 40032, 598;
80000, 10000, 75,180003, 40032, 598;
80000, 10000, 75,180003, 40032, 599;
80000, 10000, 100,180003, 40032, 640;
80000, 10000, 100,180003, 40032, 640;
80000, 10000, 100,180003, 40032, 639;
80000, 10000, 100,180003, 40032, 639;
80000, 10000, 100,180003, 40032, 901;
80000, 10000, 100,180003, 40032, 641;
80000, 10000, 100,180003, 40032, 640;
80000, 10000, 100,180003, 40032, 661;
80000, 10000, 100,180003, 40032, 639;
80000, 10000, 100,180003, 40032, 619;
80000, 100000, 0,360003, 400032, 1297;
80000, 100000, 0,360003, 400032, 1295;
80000, 100000, 0,360003, 400032, 1205;
80000, 100000, 0,360003, 400032, 1289;
80000, 100000, 0,360003, 400032, 1286;
80000, 100000, 0,360003, 400032, 1206;
80000, 100000, 0,360003, 400032, 1213;
80000, 100000, 0,360003, 400032, 1254;
80000, 100000, 0,360003, 400032, 1207;
80000, 100000, 0,360003, 400032, 1204;
80000, 100000, 25,360003, 400032, 1295;
80000, 100000, 25,360003, 400032, 1285;
80000, 100000, 25,360003, 400032, 1206;
80000, 100000, 25,360003, 400032, 1286;
80000, 100000, 25,360003, 400032, 1207;
80000, 100000, 25,360003, 400032, 1466;
80000, 100000, 25,360003, 400032, 1205;
80000, 100000, 25,360003, 400032, 1302;
80000, 100000, 25,360003, 400032, 1207;
80000, 100000, 25,360003, 400032, 1205;
80000, 100000, 50,360003, 400032, 1206;
80000, 100000, 50,360003, 400032, 1288;
80000, 100000, 50,360003, 400032, 1288;
80000, 100000, 50,360003, 400032, 1303;
80000, 100000, 50,360003, 400032, 1288;
80000, 100000, 50,360003, 400032, 1255;
80000, 100000, 50,360003, 400032, 1208;
80000, 100000, 50,360003, 400032, 1299;
80000, 100000, 50,360003, 400032, 1207;
80000, 100000, 50,360003, 400032, 1208;
80000, 100000, 75,360003, 400032, 1286;
80000, 100000, 75,360003, 400032, 1207;
80000, 100000, 75,360003, 400032, 1211;
80000, 100000, 75,360003, 400032, 1297;
80000, 100000, 75,360003, 400032, 1209;
80000, 100000, 75,360003, 400032, 1207;
80000, 100000, 75,360003, 400032, 1709;
80000, 100000, 75,360003, 400032, 1659;
80000, 100000, 75,360003, 400032, 1289;
80000, 100000, 75,360003, 400032, 1209;
80000, 100000, 100,360003, 400032, 1291;
80000, 100000, 100,360003, 400032, 1208;
80000, 100000, 100,360003, 400032, 1209;
80000, 100000, 100,360003, 400032, 1208;
80000, 100000, 100,360003, 400032, 1206;
80000, 100000, 100,360003, 400032, 1208;
80000, 100000, 100,360003, 400032, 1208;
80000, 100000, 100,360003, 400032, 1288;
80000, 100000, 100,360003, 400032, 1209;
80000, 100000, 100,360003, 400032, 1206;
90000, 100, 0,180203, 432, 508;
90000, 100, 0,180203, 432, 543;
90000, 100, 0,180203, 432, 509;
90000, 100, 0,180203, 432, 509;
90000, 100, 0,180203, 432, 508;
90000, 100, 0,180203, 432, 509;
90000, 100, 0,180203, 432, 512;
90000, 100, 0,180203, 432, 542;
90000, 100, 0,180203, 432, 544;
90000, 100, 0,180203, 432, 543;
90000, 100, 25,180203, 432, 542;
90000, 100, 25,180203, 432, 542;
90000, 100, 25,180203, 432, 547;
90000, 100, 25,180203, 432, 593;
90000, 100, 25,180203, 432, 541;
90000, 100, 25,180203, 432, 544;
90000, 100, 25,180203, 432, 508;
90000, 100, 25,180203, 432, 508;
90000, 100, 25,180203, 432, 511;
90000, 100, 25,180203, 432, 508;
90000, 100, 50,180203, 432, 510;
90000, 100, 50,180203, 432, 508;
90000, 100, 50,180203, 432, 508;
90000, 100, 50,180203, 432, 541;
90000, 100, 50,180203, 432, 510;
90000, 100, 50,180203, 432, 601;
90000, 100, 50,180203, 432, 541;
90000, 100, 50,180203, 432, 507;
90000, 100, 50,180203, 432, 584;
90000, 100, 50,180203, 432, 508;
90000, 100, 75,180203, 432, 511;
90000, 100, 75,180203, 432, 542;
90000, 100, 75,180203, 432, 542;
90000, 100, 75,180203, 432, 565;
90000, 100, 75,180203, 432, 542;
90000, 100, 75,180203, 432, 585;
90000, 100, 75,180203, 432, 542;
90000, 100, 75,180203, 432, 541;
90000, 100, 75,180203, 432, 511;
90000, 100, 75,180203, 432, 646;
90000, 100, 100,180203, 432, 509;
90000, 100, 100,180203, 432, 543;
90000, 100, 100,180203, 432, 509;
90000, 100, 100,180203, 432, 509;
90000, 100, 100,180203, 432, 551;
90000, 100, 100,180203, 432, 543;
90000, 100, 100,180203, 432, 512;
90000, 100, 100,180203, 432, 512;
90000, 100, 100,180203, 432, 508;
90000, 100, 100,180203, 432, 509;
90000, 1000, 0,182003, 4032, 523;
90000, 1000, 0,182003, 4032, 534;
90000, 1000, 0,182003, 4032, 557;
90000, 1000, 0,182003, 4032, 557;
90000, 1000, 0,182003, 4032, 602;
90000, 1000, 0,182003, 4032, 556;
90000, 1000, 0,182003, 4032, 556;
90000, 1000, 0,182003, 4032, 522;
90000, 1000, 0,182003, 4032, 522;
90000, 1000, 0,182003, 4032, 586;
90000, 1000, 25,182003, 4032, 524;
90000, 1000, 25,182003, 4032, 556;
90000, 1000, 25,182003, 4032, 521;
90000, 1000, 25,182003, 4032, 521;
90000, 1000, 25,182003, 4032, 521;
90000, 1000, 25,182003, 4032, 524;
90000, 1000, 25,182003, 4032, 524;
90000, 1000, 25,182003, 4032, 556;
90000, 1000, 25,182003, 4032, 556;
90000, 1000, 25,182003, 4032, 556;
90000, 1000, 50,182003, 4032, 521;
90000, 1000, 50,182003, 4032, 555;
90000, 1000, 50,182003, 4032, 521;
90000, 1000, 50,182003, 4032, 557;
90000, 1000, 50,182003, 4032, 556;
90000, 1000, 50,182003, 4032, 560;
90000, 1000, 50,182003, 4032, 556;
90000, 1000, 50,182003, 4032, 557;
90000, 1000, 50,182003, 4032, 555;
90000, 1000, 50,182003, 4032, 555;
90000, 1000, 75,182003, 4032, 556;
90000, 1000, 75,182003, 4032, 522;
90000, 1000, 75,182003, 4032, 521;
90000, 1000, 75,182003, 4032, 540;
90000, 1000, 75,182003, 4032, 521;
90000, 1000, 75,182003, 4032, 525;
90000, 1000, 75,182003, 4032, 556;
90000, 1000, 75,182003, 4032, 522;
90000, 1000, 75,182003, 4032, 521;
90000, 1000, 75,182003, 4032, 556;
90000, 1000, 100,182003, 4032, 523;
90000, 1000, 100,182003, 4032, 683;
90000, 1000, 100,182003, 4032, 522;
90000, 1000, 100,182003, 4032, 522;
90000, 1000, 100,182003, 4032, 571;
90000, 1000, 100,182003, 4032, 522;
90000, 1000, 100,182003, 4032, 831;
90000, 1000, 100,182003, 4032, 557;
90000, 1000, 100,182003, 4032, 528;
90000, 1000, 100,182003, 4032, 522;
90000, 10000, 0,200003, 40032, 658;
90000, 10000, 0,200003, 40032, 659;
90000, 10000, 0,200003, 40032, 658;
90000, 10000, 0,200003, 40032, 656;
90000, 10000, 0,200003, 40032, 699;
90000, 10000, 0,200003, 40032, 704;
90000, 10000, 0,200003, 40032, 700;
90000, 10000, 0,200003, 40032, 656;
90000, 10000, 0,200003, 40032, 655;
90000, 10000, 0,200003, 40032, 655;
90000, 10000, 25,200003, 40032, 656;
90000, 10000, 25,200003, 40032, 655;
90000, 10000, 25,200003, 40032, 654;
90000, 10000, 25,200003, 40032, 655;
90000, 10000, 25,200003, 40032, 714;
90000, 10000, 25,200003, 40032, 698;
90000, 10000, 25,200003, 40032, 698;
90000, 10000, 25,200003, 40032, 699;
90000, 10000, 25,200003, 40032, 936;
90000, 10000, 25,200003, 40032, 655;
90000, 10000, 50,200003, 40032, 680;
90000, 10000, 50,200003, 40032, 701;
90000, 10000, 50,200003, 40032, 786;
90000, 10000, 50,200003, 40032, 658;
90000, 10000, 50,200003, 40032, 657;
90000, 10000, 50,200003, 40032, 656;
90000, 10000, 50,200003, 40032, 656;
90000, 10000, 50,200003, 40032, 794;
90000, 10000, 50,200003, 40032, 657;
90000, 10000, 50,200003, 40032, 658;
90000, 10000, 75,200003, 40032, 703;
90000, 10000, 75,200003, 40032, 655;
90000, 10000, 75,200003, 40032, 698;
90000, 10000, 75,200003, 40032, 658;
90000, 10000, 75,200003, 40032, 699;
90000, 10000, 75,200003, 40032, 755;
90000, 10000, 75,200003, 40032, 907;
90000, 10000, 75,200003, 40032, 700;
90000, 10000, 75,200003, 40032, 994;
90000, 10000, 75,200003, 40032, 698;
90000, 10000, 100,200003, 40032, 705;
90000, 10000, 100,200003, 40032, 700;
90000, 10000, 100,200003, 40032, 656;
90000, 10000, 100,200003, 40032, 701;
90000, 10000, 100,200003, 40032, 676;
90000, 10000, 100,200003, 40032, 701;
90000, 10000, 100,200003, 40032, 700;
90000, 10000, 100,200003, 40032, 656;
90000, 10000, 100,200003, 40032, 658;
90000, 10000, 100,200003, 40032, 656;
90000, 100000, 0,380003, 400032, 1269;
90000, 100000, 0,380003, 400032, 1277;
90000, 100000, 0,380003, 400032, 1266;
90000, 100000, 0,380003, 400032, 1267;
90000, 100000, 0,380003, 400032, 1355;
90000, 100000, 0,380003, 400032, 1825;
90000, 100000, 0,380003, 400032, 1355;
90000, 100000, 0,380003, 400032, 1358;
90000, 100000, 0,380003, 400032, 1351;
90000, 100000, 0,380003, 400032, 1351;
90000, 100000, 25,380003, 400032, 1268;
90000, 100000, 25,380003, 400032, 1267;
90000, 100000, 25,380003, 400032, 1269;
90000, 100000, 25,380003, 400032, 1270;
90000, 100000, 25,380003, 400032, 1269;
90000, 100000, 25,380003, 400032, 1269;
90000, 100000, 25,380003, 400032, 1270;
90000, 100000, 25,380003, 400032, 1272;
90000, 100000, 25,380003, 400032, 1356;
90000, 100000, 25,380003, 400032, 1271;
90000, 100000, 50,380003, 400032, 1291;
90000, 100000, 50,380003, 400032, 1325;
90000, 100000, 50,380003, 400032, 1334;
90000, 100000, 50,380003, 400032, 1329;
90000, 100000, 50,380003, 400032, 1314;
90000, 100000, 50,380003, 400032, 1291;
90000, 100000, 50,380003, 400032, 1368;
90000, 100000, 50,380003, 400032, 1351;
90000, 100000, 50,380003, 400032, 1361;
90000, 100000, 50,380003, 400032, 1269;
90000, 100000, 75,380003, 400032, 1353;
90000, 100000, 75,380003, 400032, 1361;
90000, 100000, 75,380003, 400032, 1355;
90000, 100000, 75,380003, 400032, 1353;
90000, 100000, 75,380003, 400032, 1278;
90000, 100000, 75,380003, 400032, 1355;
90000, 100000, 75,380003, 400032, 1269;
90000, 100000, 75,380003, 400032, 1352;
90000, 100000, 75,380003, 400032, 1268;
90000, 100000, 75,380003, 400032, 1358;
90000, 100000, 100,380003, 400032, 1267;
90000, 100000, 100,380003, 400032, 1269;
90000, 100000, 100,380003, 400032, 1267;
90000, 100000, 100,380003, 400032, 1353;
90000, 100000, 100,380003, 400032, 1267;
90000, 100000, 100,380003, 400032, 1267;
90000, 100000, 100,380003, 400032, 1406;
90000, 100000, 100,380003, 400032, 1352;
90000, 100000, 100,380003, 400032, 1374;
90000, 100000, 100,380003, 400032, 1267;
100000, 100, 0,200203, 432, 565;
100000, 100, 0,200203, 432, 565;
100000, 100, 0,200203, 432, 609;
100000, 100, 0,200203, 432, 586;
100000, 100, 0,200203, 432, 564;
100000, 100, 0,200203, 432, 565;
100000, 100, 0,200203, 432, 566;
100000, 100, 0,200203, 432, 565;
100000, 100, 0,200203, 432, 566;
100000, 100, 0,200203, 432, 569;
100000, 100, 25,200203, 432, 669;
100000, 100, 25,200203, 432, 681;
100000, 100, 25,200203, 432, 605;
100000, 100, 25,200203, 432, 564;
100000, 100, 25,200203, 432, 601;
100000, 100, 25,200203, 432, 567;
100000, 100, 25,200203, 432, 622;
100000, 100, 25,200203, 432, 675;
100000, 100, 25,200203, 432, 564;
100000, 100, 25,200203, 432, 862;
100000, 100, 50,200203, 432, 564;
100000, 100, 50,200203, 432, 601;
100000, 100, 50,200203, 432, 601;
100000, 100, 50,200203, 432, 603;
100000, 100, 50,200203, 432, 564;
100000, 100, 50,200203, 432, 604;
100000, 100, 50,200203, 432, 564;
100000, 100, 50,200203, 432, 564;
100000, 100, 50,200203, 432, 564;
100000, 100, 50,200203, 432, 601;
100000, 100, 75,200203, 432, 582;
100000, 100, 75,200203, 432, 567;
100000, 100, 75,200203, 432, 601;
100000, 100, 75,200203, 432, 601;
100000, 100, 75,200203, 432, 568;
100000, 100, 75,200203, 432, 601;
100000, 100, 75,200203, 432, 601;
100000, 100, 75,200203, 432, 601;
100000, 100, 75,200203, 432, 605;
100000, 100, 75,200203, 432, 602;
100000, 100, 100,200203, 432, 603;
100000, 100, 100,200203, 432, 565;
100000, 100, 100,200203, 432, 819;
100000, 100, 100,200203, 432, 565;
100000, 100, 100,200203, 432, 565;
100000, 100, 100,200203, 432, 565;
100000, 100, 100,200203, 432, 564;
100000, 100, 100,200203, 432, 565;
100000, 100, 100,200203, 432, 565;
100000, 100, 100,200203, 432, 586;
100000, 1000, 0,202003, 4032, 617;
100000, 1000, 0,202003, 4032, 578;
100000, 1000, 0,202003, 4032, 578;
100000, 1000, 0,202003, 4032, 578;
100000, 1000, 0,202003, 4032, 581;
100000, 1000, 0,202003, 4032, 578;
100000, 1000, 0,202003, 4032, 618;
100000, 1000, 0,202003, 4032, 616;
100000, 1000, 0,202003, 4032, 620;
100000, 1000, 0,202003, 4032, 616;
100000, 1000, 25,202003, 4032, 577;
100000, 1000, 25,202003, 4032, 577;
100000, 1000, 25,202003, 4032, 615;
100000, 1000, 25,202003, 4032, 577;
100000, 1000, 25,202003, 4032, 616;
100000, 1000, 25,202003, 4032, 577;
100000, 1000, 25,202003, 4032, 582;
100000, 1000, 25,202003, 4032, 578;
100000, 1000, 25,202003, 4032, 592;
100000, 1000, 25,202003, 4032, 615;
100000, 1000, 50,202003, 4032, 963;
100000, 1000, 50,202003, 4032, 577;
100000, 1000, 50,202003, 4032, 600;
100000, 1000, 50,202003, 4032, 577;
100000, 1000, 50,202003, 4032, 616;
100000, 1000, 50,202003, 4032, 577;
100000, 1000, 50,202003, 4032, 616;
100000, 1000, 50,202003, 4032, 615;
100000, 1000, 50,202003, 4032, 577;
100000, 1000, 50,202003, 4032, 615;
100000, 1000, 75,202003, 4032, 577;
100000, 1000, 75,202003, 4032, 615;
100000, 1000, 75,202003, 4032, 696;
100000, 1000, 75,202003, 4032, 577;
100000, 1000, 75,202003, 4032, 616;
100000, 1000, 75,202003, 4032, 577;
100000, 1000, 75,202003, 4032, 576;
100000, 1000, 75,202003, 4032, 577;
100000, 1000, 75,202003, 4032, 577;
100000, 1000, 75,202003, 4032, 615;
100000, 1000, 100,202003, 4032, 578;
100000, 1000, 100,202003, 4032, 578;
100000, 1000, 100,202003, 4032, 617;
100000, 1000, 100,202003, 4032, 578;
100000, 1000, 100,202003, 4032, 578;
100000, 1000, 100,202003, 4032, 578;
100000, 1000, 100,202003, 4032, 617;
100000, 1000, 100,202003, 4032, 616;
100000, 1000, 100,202003, 4032, 831;
100000, 1000, 100,202003, 4032, 616;
100000, 10000, 0,220003, 40032, 711;
100000, 10000, 0,220003, 40032, 754;
100000, 10000, 0,220003, 40032, 711;
100000, 10000, 0,220003, 40032, 712;
100000, 10000, 0,220003, 40032, 712;
100000, 10000, 0,220003, 40032, 759;
100000, 10000, 0,220003, 40032, 712;
100000, 10000, 0,220003, 40032, 794;
100000, 10000, 0,220003, 40032, 712;
100000, 10000, 0,220003, 40032, 720;
100000, 10000, 25,220003, 40032, 713;
100000, 10000, 25,220003, 40032, 818;
100000, 10000, 25,220003, 40032, 711;
100000, 10000, 25,220003, 40032, 710;
100000, 10000, 25,220003, 40032, 1106;
100000, 10000, 25,220003, 40032, 763;
100000, 10000, 25,220003, 40032, 758;
100000, 10000, 25,220003, 40032, 759;
100000, 10000, 25,220003, 40032, 839;
100000, 10000, 25,220003, 40032, 827;
100000, 10000, 50,220003, 40032, 785;
100000, 10000, 50,220003, 40032, 715;
100000, 10000, 50,220003, 40032, 758;
100000, 10000, 50,220003, 40032, 758;
100000, 10000, 50,220003, 40032, 1168;
100000, 10000, 50,220003, 40032, 766;
100000, 10000, 50,220003, 40032, 712;
100000, 10000, 50,220003, 40032, 760;
100000, 10000, 50,220003, 40032, 714;
100000, 10000, 50,220003, 40032, 758;
100000, 10000, 75,220003, 40032, 758;
100000, 10000, 75,220003, 40032, 712;
100000, 10000, 75,220003, 40032, 762;
100000, 10000, 75,220003, 40032, 759;
100000, 10000, 75,220003, 40032, 714;
100000, 10000, 75,220003, 40032, 713;
100000, 10000, 75,220003, 40032, 759;
100000, 10000, 75,220003, 40032, 854;
100000, 10000, 75,220003, 40032, 713;
100000, 10000, 75,220003, 40032, 715;
100000, 10000, 100,220003, 40032, 711;
100000, 10000, 100,220003, 40032, 712;
100000, 10000, 100,220003, 40032, 759;
100000, 10000, 100,220003, 40032, 712;
100000, 10000, 100,220003, 40032, 795;
100000, 10000, 100,220003, 40032, 759;
100000, 10000, 100,220003, 40032, 738;
100000, 10000, 100,220003, 40032, 716;
100000, 10000, 100,220003, 40032, 721;
100000, 10000, 100,220003, 40032, 712;
100000, 100000, 0,400003, 400032, 1773;
100000, 100000, 0,400003, 400032, 1417;
100000, 100000, 0,400003, 400032, 1441;
100000, 100000, 0,400003, 400032, 1420;
100000, 100000, 0,400003, 400032, 1342;
100000, 100000, 0,400003, 400032, 1417;
100000, 100000, 0,400003, 400032, 1542;
100000, 100000, 0,400003, 400032, 1337;
100000, 100000, 0,400003, 400032, 1422;
100000, 100000, 0,400003, 400032, 1376;
100000, 100000, 25,400003, 400032, 1419;
100000, 100000, 25,400003, 400032, 1430;
100000, 100000, 25,400003, 400032, 1330;
100000, 100000, 25,400003, 400032, 1418;
100000, 100000, 25,400003, 400032, 1369;
100000, 100000, 25,400003, 400032, 1335;
100000, 100000, 25,400003, 400032, 1418;
100000, 100000, 25,400003, 400032, 1331;
100000, 100000, 25,400003, 400032, 1423;
100000, 100000, 25,400003, 400032, 1420;
100000, 100000, 50,400003, 400032, 1792;
100000, 100000, 50,400003, 400032, 1420;
100000, 100000, 50,400003, 400032, 1421;
100000, 100000, 50,400003, 400032, 1331;
100000, 100000, 50,400003, 400032, 1329;
100000, 100000, 50,400003, 400032, 1332;
100000, 100000, 50,400003, 400032, 1439;
100000, 100000, 50,400003, 400032, 1419;
100000, 100000, 50,400003, 400032, 1331;
100000, 100000, 50,400003, 400032, 1415;
100000, 100000, 75,400003, 400032, 1327;
100000, 100000, 75,400003, 400032, 1329;
100000, 100000, 75,400003, 400032, 1344;
100000, 100000, 75,400003, 400032, 1574;
100000, 100000, 75,400003, 400032, 1402;
100000, 100000, 75,400003, 400032, 1328;
100000, 100000, 75,400003, 400032, 1454;
100000, 100000, 75,400003, 400032, 1426;
100000, 100000, 75,400003, 400032, 1422;
100000, 100000, 75,400003, 400032, 1415;
100000, 100000, 100,400003, 400032, 1331;
100000, 100000, 100,400003, 400032, 1331;
100000, 100000, 100,400003, 400032, 1415;
100000, 100000, 100,400003, 400032, 1331;
100000, 100000, 100,400003, 400032, 1421;
100000, 100000, 100,400003, 400032, 1330;
100000, 100000, 100,400003, 400032, 1422;
100000, 100000, 100,400003, 400032, 1395;
100000, 100000, 100,400003, 400032, 1331;
100000, 100000, 100,400003, 400032, 1331;
