TriRapide

Nombre de données, Intervalle des données, Taux de dispersion, nombre d'instructions,mémoire maximale(bytes), temps de traitement(us);
10000, 100, 0,1234670, 2244, 6713;
10000, 100, 0,1234670, 2244, 7792;
10000, 100, 0,1234670, 2244, 7130;
10000, 100, 0,1234670, 2244, 6931;
10000, 100, 0,1234670, 2244, 7169;
10000, 100, 0,1234670, 2244, 8423;
10000, 100, 0,1234670, 2244, 6686;
10000, 100, 0,1234670, 2244, 6726;
10000, 100, 0,1234670, 2244, 6668;
10000, 100, 0,1234670, 2244, 6720;
10000, 100, 25,1203412, 2228, 7868;
10000, 100, 25,1203412, 2228, 8155;
10000, 100, 25,1203412, 2228, 9019;
10000, 100, 25,1203412, 2228, 8928;
10000, 100, 25,1203412, 2228, 9951;
10000, 100, 25,1203412, 2228, 10059;
10000, 100, 25,1203412, 2228, 6614;
10000, 100, 25,1203412, 2228, 6582;
10000, 100, 25,1203412, 2228, 6692;
10000, 100, 25,1203412, 2228, 6600;
10000, 100, 50,1165497, 2260, 8729;
10000, 100, 50,1165497, 2260, 6499;
10000, 100, 50,1165497, 2260, 6948;
10000, 100, 50,1165497, 2260, 8822;
10000, 100, 50,1165497, 2260, 8999;
10000, 100, 50,1165497, 2260, 8965;
10000, 100, 50,1165497, 2260, 8898;
10000, 100, 50,1165497, 2260, 8929;
10000, 100, 50,1165497, 2260, 6815;
10000, 100, 50,1165497, 2260, 6727;
10000, 100, 75,1250544, 2500, 6834;
10000, 100, 75,1250544, 2500, 7684;
10000, 100, 75,1250544, 2500, 7163;
10000, 100, 75,1250544, 2500, 6893;
10000, 100, 75,1250544, 2500, 7956;
10000, 100, 75,1250544, 2500, 8467;
10000, 100, 75,1250544, 2500, 7020;
10000, 100, 75,1250544, 2500, 6894;
10000, 100, 75,1250544, 2500, 6858;
10000, 100, 75,1250544, 2500, 6887;
10000, 100, 100,1228520, 2420, 6940;
10000, 100, 100,1228520, 2420, 6762;
10000, 100, 100,1228520, 2420, 6285;
10000, 100, 100,1228520, 2420, 6583;
10000, 100, 100,1228520, 2420, 6646;
10000, 100, 100,1228520, 2420, 6708;
10000, 100, 100,1228520, 2420, 6582;
10000, 100, 100,1228520, 2420, 6267;
10000, 100, 100,1228520, 2420, 6432;
10000, 100, 100,1228520, 2420, 6621;
10000, 10000, 0,297067, 660, 1704;
10000, 10000, 0,294954, 644, 1680;
10000, 10000, 0,294954, 644, 1683;
10000, 10000, 0,294954, 644, 1742;
10000, 10000, 0,294954, 644, 1586;
10000, 10000, 0,294954, 644, 1581;
10000, 10000, 0,294954, 644, 1582;
10000, 10000, 0,294954, 644, 1677;
10000, 10000, 0,294954, 644, 1609;
10000, 10000, 0,294954, 644, 1584;
10000, 10000, 25,286940, 596, 1869;
10000, 10000, 25,286940, 596, 1880;
10000, 10000, 25,286940, 596, 1756;
10000, 10000, 25,286940, 596, 1754;
10000, 10000, 25,286940, 596, 2165;
10000, 10000, 25,286940, 596, 1822;
10000, 10000, 25,286940, 596, 1756;
10000, 10000, 25,286940, 596, 1756;
10000, 10000, 25,286940, 596, 1757;
10000, 10000, 25,286940, 596, 1754;
10000, 10000, 50,270015, 516, 1855;
10000, 10000, 50,270015, 516, 1878;
10000, 10000, 50,270015, 516, 1873;
10000, 10000, 50,270015, 516, 1777;
10000, 10000, 50,270015, 516, 1837;
10000, 10000, 50,270015, 516, 1751;
10000, 10000, 50,270015, 516, 1778;
10000, 10000, 50,270015, 516, 1750;
10000, 10000, 50,270015, 516, 1872;
10000, 10000, 50,270015, 516, 1865;
10000, 10000, 75,284257, 548, 1938;
10000, 10000, 75,284257, 548, 1821;
10000, 10000, 75,284257, 548, 1812;
10000, 10000, 75,284257, 548, 1837;
10000, 10000, 75,284257, 548, 1810;
10000, 10000, 75,284257, 548, 1937;
10000, 10000, 75,284257, 548, 1814;
10000, 10000, 75,284257, 548, 1895;
10000, 10000, 75,284257, 548, 3556;
10000, 10000, 75,284257, 548, 1936;
10000, 10000, 100,257081, 468, 1628;
10000, 10000, 100,257081, 468, 1696;
10000, 10000, 100,257081, 468, 1587;
10000, 10000, 100,257081, 468, 1588;
10000, 10000, 100,257081, 468, 1696;
10000, 10000, 100,257081, 468, 1604;
10000, 10000, 100,257081, 468, 1585;
10000, 10000, 100,257081, 468, 1582;
10000, 10000, 100,257081, 468, 2501;
10000, 10000, 100,257081, 468, 1694;
10000, 1000000, 0,291042, 580, 1691;
10000, 1000000, 0,291042, 580, 1528;
10000, 1000000, 0,291042, 580, 1529;
10000, 1000000, 0,291042, 580, 1527;
10000, 1000000, 0,291042, 580, 1744;
10000, 1000000, 0,291042, 580, 1630;
10000, 1000000, 0,291042, 580, 1635;
10000, 1000000, 0,291042, 580, 1635;
10000, 1000000, 0,291042, 580, 1528;
10000, 1000000, 0,291042, 580, 1527;
10000, 1000000, 25,281686, 564, 1827;
10000, 1000000, 25,281686, 564, 2016;
10000, 1000000, 25,281686, 564, 1768;
10000, 1000000, 25,281686, 564, 1718;
10000, 1000000, 25,281686, 564, 1715;
10000, 1000000, 25,281686, 564, 1837;
10000, 1000000, 25,281686, 564, 1718;
10000, 1000000, 25,281686, 564, 1715;
10000, 1000000, 25,281686, 564, 1802;
10000, 1000000, 25,281686, 564, 1715;
10000, 1000000, 50,267464, 516, 1852;
10000, 1000000, 50,267464, 516, 1737;
10000, 1000000, 50,267464, 516, 1857;
10000, 1000000, 50,267464, 516, 1766;
10000, 1000000, 50,267464, 516, 1736;
10000, 1000000, 50,267464, 516, 1897;
10000, 1000000, 50,267464, 516, 1852;
10000, 1000000, 50,267464, 516, 1857;
10000, 1000000, 50,267464, 516, 1741;
10000, 1000000, 50,267464, 516, 1735;
10000, 1000000, 75,270232, 548, 1840;
10000, 1000000, 75,270232, 548, 1739;
10000, 1000000, 75,270232, 548, 1852;
10000, 1000000, 75,270232, 548, 1854;
10000, 1000000, 75,270232, 548, 1895;
10000, 1000000, 75,270232, 548, 1888;
10000, 1000000, 75,270232, 548, 1850;
10000, 1000000, 75,270232, 548, 1880;
10000, 1000000, 75,270232, 548, 2083;
10000, 1000000, 75,270232, 548, 1854;
10000, 1000000, 100,250607, 500, 1614;
10000, 1000000, 100,250607, 500, 1610;
10000, 1000000, 100,250607, 500, 1610;
10000, 1000000, 100,250607, 500, 1610;
10000, 1000000, 100,250607, 500, 1611;
10000, 1000000, 100,250607, 500, 2039;
10000, 1000000, 100,250607, 500, 1636;
10000, 1000000, 100,250607, 500, 1621;
10000, 1000000, 100,250607, 500, 2333;
10000, 1000000, 100,250607, 500, 2737;
10000, 100000000, 0,291042, 580, 1617;
10000, 100000000, 0,291042, 580, 1623;
10000, 100000000, 0,291042, 580, 1525;
10000, 100000000, 0,291042, 580, 1527;
10000, 100000000, 0,291042, 580, 1554;
10000, 100000000, 0,291042, 580, 1527;
10000, 100000000, 0,291042, 580, 1554;
10000, 100000000, 0,291042, 580, 1526;
10000, 100000000, 0,291042, 580, 1634;
10000, 100000000, 0,291042, 580, 1633;
10000, 100000000, 25,281686, 564, 1831;
10000, 100000000, 25,281686, 564, 1834;
10000, 100000000, 25,281686, 564, 1828;
10000, 100000000, 25,281686, 564, 1831;
10000, 100000000, 25,281686, 564, 1736;
10000, 100000000, 25,281686, 564, 1837;
10000, 100000000, 25,281686, 564, 1790;
10000, 100000000, 25,281686, 564, 1715;
10000, 100000000, 25,281686, 564, 1874;
10000, 100000000, 25,281686, 564, 1827;
10000, 100000000, 50,267464, 516, 1869;
10000, 100000000, 50,267464, 516, 1794;
10000, 100000000, 50,267464, 516, 1736;
10000, 100000000, 50,267464, 516, 1737;
10000, 100000000, 50,267464, 516, 1740;
10000, 100000000, 50,267464, 516, 1741;
10000, 100000000, 50,267464, 516, 1738;
10000, 100000000, 50,267464, 516, 1735;
10000, 100000000, 50,267464, 516, 1733;
10000, 100000000, 50,267464, 516, 1758;
10000, 100000000, 75,270232, 548, 1868;
10000, 100000000, 75,270232, 548, 2024;
10000, 100000000, 75,270232, 548, 1853;
10000, 100000000, 75,270232, 548, 1859;
10000, 100000000, 75,270232, 548, 1853;
10000, 100000000, 75,270232, 548, 1741;
10000, 100000000, 75,270232, 548, 1737;
10000, 100000000, 75,270232, 548, 1742;
10000, 100000000, 75,270232, 548, 1737;
10000, 100000000, 75,270232, 548, 1740;
10000, 100000000, 100,250607, 500, 1618;
10000, 100000000, 100,250607, 500, 1615;
10000, 100000000, 100,250607, 500, 1617;
10000, 100000000, 100,250607, 500, 1613;
10000, 100000000, 100,250607, 500, 1617;
10000, 100000000, 100,250607, 500, 1632;
10000, 100000000, 100,250607, 500, 1613;
10000, 100000000, 100,250607, 500, 1511;
10000, 100000000, 100,250607, 500, 1518;
10000, 100000000, 100,250607, 500, 1522;
20000, 100, 0,9243909, 6612, 44525;
20000, 100, 0,9243909, 6612, 45095;
20000, 100, 0,9243909, 6612, 44603;
20000, 100, 0,9243909, 6612, 45812;
20000, 100, 0,9243909, 6612, 45886;
20000, 100, 0,9242285, 6612, 49771;
20000, 100, 0,7535943, 6660, 36196;
20000, 100, 0,7535943, 6660, 36202;
20000, 100, 0,7535943, 6660, 36342;
20000, 100, 0,7535943, 6660, 37610;
20000, 100, 25,4482502, 3972, 23237;
20000, 100, 25,4482502, 3972, 22904;
20000, 100, 25,4482502, 3972, 22310;
20000, 100, 25,4482502, 3972, 21959;
20000, 100, 25,4482502, 3972, 23203;
20000, 100, 25,4482502, 3972, 22419;
20000, 100, 25,4482502, 3972, 22049;
20000, 100, 25,4482502, 3972, 23371;
20000, 100, 25,4482502, 3972, 22586;
20000, 100, 25,4482502, 3972, 22684;
20000, 100, 50,4722269, 4708, 26354;
20000, 100, 50,4722269, 4708, 25321;
20000, 100, 50,4722269, 4708, 26092;
20000, 100, 50,4722269, 4708, 24639;
20000, 100, 50,4722269, 4708, 24754;
20000, 100, 50,4722269, 4708, 24765;
20000, 100, 50,4722269, 4708, 24696;
20000, 100, 50,4722269, 4708, 23305;
20000, 100, 50,4722269, 4708, 24480;
20000, 100, 50,4722269, 4708, 23899;
20000, 100, 75,4519079, 4420, 22396;
20000, 100, 75,4519079, 4420, 22880;
20000, 100, 75,4519079, 4420, 22336;
20000, 100, 75,4519079, 4420, 22490;
20000, 100, 75,4519079, 4420, 22292;
20000, 100, 75,4519079, 4420, 23719;
20000, 100, 75,4519079, 4420, 23826;
20000, 100, 75,4519079, 4420, 23830;
20000, 100, 75,4514796, 4420, 24103;
20000, 100, 75,4440454, 4004, 23708;
20000, 100, 100,4972390, 4548, 28097;
20000, 100, 100,4972390, 4548, 26200;
20000, 100, 100,4972390, 4548, 24503;
20000, 100, 100,4972390, 4548, 25392;
20000, 100, 100,4972390, 4548, 25141;
20000, 100, 100,4972390, 4548, 24384;
20000, 100, 100,4972390, 4548, 25182;
20000, 100, 100,4972390, 4548, 24633;
20000, 100, 100,4972390, 4548, 25697;
20000, 100, 100,4972390, 4548, 24316;
20000, 10000, 0,756550, 724, 4177;
20000, 10000, 0,756550, 724, 4094;
20000, 10000, 0,756550, 724, 4320;
20000, 10000, 0,756550, 724, 4209;
20000, 10000, 0,756550, 724, 4189;
20000, 10000, 0,756550, 724, 4192;
20000, 10000, 0,756550, 724, 6464;
20000, 10000, 0,756550, 724, 3944;
20000, 10000, 0,756550, 724, 3958;
20000, 10000, 0,756550, 724, 3939;
20000, 10000, 25,587101, 548, 3996;
20000, 10000, 25,587101, 548, 3914;
20000, 10000, 25,587101, 548, 4141;
20000, 10000, 25,587101, 548, 3912;
20000, 10000, 25,587101, 548, 3929;
20000, 10000, 25,587101, 548, 3913;
20000, 10000, 25,587101, 548, 3925;
20000, 10000, 25,587101, 548, 5016;
20000, 10000, 25,587101, 548, 4275;
20000, 10000, 25,587101, 548, 3922;
20000, 10000, 50,579650, 564, 3890;
20000, 10000, 50,579650, 564, 4015;
20000, 10000, 50,579650, 564, 4287;
20000, 10000, 50,579650, 564, 4285;
20000, 10000, 50,579650, 564, 4909;
20000, 10000, 50,579650, 564, 4029;
20000, 10000, 50,579650, 564, 4091;
20000, 10000, 50,579650, 564, 3915;
20000, 10000, 50,579650, 564, 3838;
20000, 10000, 50,579650, 564, 3771;
20000, 10000, 75,593899, 548, 3853;
20000, 10000, 75,593899, 548, 3911;
20000, 10000, 75,593899, 548, 3826;
20000, 10000, 75,593899, 548, 4222;
20000, 10000, 75,593899, 548, 3870;
20000, 10000, 75,593899, 548, 3835;
20000, 10000, 75,593899, 548, 3866;
20000, 10000, 75,593899, 548, 4082;
20000, 10000, 75,593899, 548, 4537;
20000, 10000, 75,593899, 548, 3995;
20000, 10000, 100,565910, 516, 3483;
20000, 10000, 100,565910, 516, 4202;
20000, 10000, 100,565910, 516, 3694;
20000, 10000, 100,565910, 516, 3698;
20000, 10000, 100,565910, 516, 3746;
20000, 10000, 100,565910, 516, 3467;
20000, 10000, 100,565910, 516, 3581;
20000, 10000, 100,565910, 516, 3489;
20000, 10000, 100,565910, 516, 3778;
20000, 10000, 100,565910, 516, 3708;
20000, 1000000, 0,648689, 628, 3472;
20000, 1000000, 0,648689, 628, 3257;
20000, 1000000, 0,648689, 628, 3250;
20000, 1000000, 0,648689, 628, 3477;
20000, 1000000, 0,648689, 628, 3261;
20000, 1000000, 0,648689, 628, 3249;
20000, 1000000, 0,648689, 628, 3260;
20000, 1000000, 0,648689, 628, 3248;
20000, 1000000, 0,648689, 628, 3273;
20000, 1000000, 0,648689, 628, 3249;
20000, 1000000, 25,591938, 564, 3616;
20000, 1000000, 25,591938, 564, 3595;
20000, 1000000, 25,591938, 564, 3610;
20000, 1000000, 25,591938, 564, 3592;
20000, 1000000, 25,591938, 564, 3848;
20000, 1000000, 25,591938, 564, 3609;
20000, 1000000, 25,591938, 564, 3624;
20000, 1000000, 25,591938, 564, 3628;
20000, 1000000, 25,591938, 564, 3601;
20000, 1000000, 25,564631, 564, 3799;
20000, 1000000, 50,600788, 580, 4064;
20000, 1000000, 50,600788, 580, 4074;
20000, 1000000, 50,600788, 580, 4312;
20000, 1000000, 50,600788, 580, 4185;
20000, 1000000, 50,600788, 580, 4061;
20000, 1000000, 50,600788, 580, 4063;
20000, 1000000, 50,600788, 580, 5836;
20000, 1000000, 50,600788, 580, 4397;
20000, 1000000, 50,600788, 580, 4130;
20000, 1000000, 50,600788, 580, 4075;
20000, 1000000, 75,570199, 564, 3917;
20000, 1000000, 75,570199, 564, 3909;
20000, 1000000, 75,570199, 564, 3669;
20000, 1000000, 75,570199, 564, 4006;
20000, 1000000, 75,570199, 564, 3906;
20000, 1000000, 75,570199, 564, 3716;
20000, 1000000, 75,570199, 564, 3709;
20000, 1000000, 75,570199, 564, 3684;
20000, 1000000, 75,570199, 564, 3769;
20000, 1000000, 75,570199, 564, 3683;
20000, 1000000, 100,575125, 548, 3672;
20000, 1000000, 100,575125, 548, 3444;
20000, 1000000, 100,575125, 548, 3442;
20000, 1000000, 100,575125, 548, 3526;
20000, 1000000, 100,575125, 548, 3666;
20000, 1000000, 100,575125, 548, 3788;
20000, 1000000, 100,575125, 548, 3691;
20000, 1000000, 100,575125, 548, 3449;
20000, 1000000, 100,575125, 548, 3452;
20000, 1000000, 100,575125, 548, 3444;
20000, 100000000, 0,681772, 676, 3382;
20000, 100000000, 0,681772, 676, 3389;
20000, 100000000, 0,681772, 676, 3382;
20000, 100000000, 0,681772, 676, 3612;
20000, 100000000, 0,681772, 676, 3377;
20000, 100000000, 0,681772, 676, 3526;
20000, 100000000, 0,681772, 676, 3782;
20000, 100000000, 0,681772, 676, 3769;
20000, 100000000, 0,681772, 676, 3377;
20000, 100000000, 0,681772, 676, 3606;
20000, 100000000, 25,588624, 596, 3619;
20000, 100000000, 25,588624, 596, 3611;
20000, 100000000, 25,588624, 596, 3754;
20000, 100000000, 25,588624, 596, 3609;
20000, 100000000, 25,588624, 596, 3878;
20000, 100000000, 25,588624, 596, 3863;
20000, 100000000, 25,588624, 596, 3850;
20000, 100000000, 25,588624, 596, 3616;
20000, 100000000, 25,588624, 596, 3618;
20000, 100000000, 25,588624, 596, 3641;
20000, 100000000, 50,600788, 580, 3825;
20000, 100000000, 50,600788, 580, 3836;
20000, 100000000, 50,600788, 580, 4061;
20000, 100000000, 50,600788, 580, 4060;
20000, 100000000, 50,600788, 580, 4119;
20000, 100000000, 50,600788, 580, 3894;
20000, 100000000, 50,600788, 580, 4073;
20000, 100000000, 50,600788, 580, 4056;
20000, 100000000, 50,600788, 580, 4079;
20000, 100000000, 50,600788, 580, 4775;
20000, 100000000, 75,570199, 564, 3935;
20000, 100000000, 75,570199, 564, 3931;
20000, 100000000, 75,570199, 564, 4589;
20000, 100000000, 75,570199, 564, 3928;
20000, 100000000, 75,570199, 564, 4091;
20000, 100000000, 75,570199, 564, 3768;
20000, 100000000, 75,570199, 564, 3935;
20000, 100000000, 75,570199, 564, 3983;
20000, 100000000, 75,570199, 564, 3927;
20000, 100000000, 75,570199, 564, 5154;
20000, 100000000, 100,575125, 548, 3654;
20000, 100000000, 100,575125, 548, 3668;
20000, 100000000, 100,575125, 548, 3674;
20000, 100000000, 100,575125, 548, 3734;
20000, 100000000, 100,575125, 548, 3682;
20000, 100000000, 100,575125, 548, 3673;
20000, 100000000, 100,575125, 548, 3450;
20000, 100000000, 100,575125, 548, 3447;
20000, 100000000, 100,575125, 548, 3449;
20000, 100000000, 100,575125, 548, 3454;
30000, 100, 0,18222487, 9604, 88605;
30000, 100, 0,18222487, 9604, 88620;
30000, 100, 0,18071966, 9604, 89814;
30000, 100, 0,17518453, 9204, 90083;
30000, 100, 0,17518453, 9204, 86161;
30000, 100, 0,17518453, 9204, 86343;
30000, 100, 0,17518453, 9204, 83683;
30000, 100, 0,17518453, 9204, 84943;
30000, 100, 0,17518453, 9204, 88226;
30000, 100, 0,17518453, 9204, 93035;
30000, 100, 25,9973708, 6644, 48515;
30000, 100, 25,9973708, 6644, 50646;
30000, 100, 25,9973708, 6644, 50254;
30000, 100, 25,9973708, 6644, 50623;
30000, 100, 25,9954372, 6644, 48276;
30000, 100, 25,10099889, 6852, 48991;
30000, 100, 25,10099889, 6852, 49007;
30000, 100, 25,10099889, 6852, 50265;
30000, 100, 25,10099889, 6852, 55481;
30000, 100, 25,10099889, 6852, 49583;
30000, 100, 50,9706808, 5956, 47889;
30000, 100, 50,9706808, 5956, 48002;
30000, 100, 50,9706808, 5956, 49208;
30000, 100, 50,9706808, 5956, 47172;
30000, 100, 50,9706808, 5956, 48621;
30000, 100, 50,9706808, 5956, 48293;
30000, 100, 50,9706808, 5956, 49478;
30000, 100, 50,9706808, 5956, 51638;
30000, 100, 50,9706808, 5956, 48424;
30000, 100, 50,9706808, 5956, 49581;
30000, 100, 75,9881918, 6452, 48195;
30000, 100, 75,9881918, 6452, 47964;
30000, 100, 75,9880575, 6452, 50657;
30000, 100, 75,9935821, 6100, 49511;
30000, 100, 75,9935821, 6100, 47974;
30000, 100, 75,9935821, 6100, 49312;
30000, 100, 75,9935821, 6100, 52905;
30000, 100, 75,9935821, 6100, 49763;
30000, 100, 75,9935821, 6100, 49211;
30000, 100, 75,9935821, 6100, 49137;
30000, 100, 100,10369055, 7172, 52026;
30000, 100, 100,10369055, 7172, 51228;
30000, 100, 100,10369055, 7172, 50340;
30000, 100, 100,10369055, 7172, 50853;
30000, 100, 100,10369055, 7172, 50641;
30000, 100, 100,10369055, 7172, 53752;
30000, 100, 100,10369055, 7172, 54273;
30000, 100, 100,10369055, 7172, 50750;
30000, 100, 100,10369055, 7172, 50090;
30000, 100, 100,10418654, 7172, 49971;
30000, 10000, 0,1180167, 724, 6349;
30000, 10000, 0,1180167, 724, 6657;
30000, 10000, 0,1180167, 724, 6640;
30000, 10000, 0,1180167, 724, 6633;
30000, 10000, 0,1180167, 724, 6217;
30000, 10000, 0,1180167, 724, 8700;
30000, 10000, 0,1180167, 724, 6249;
30000, 10000, 0,1180167, 724, 6268;
30000, 10000, 0,1180167, 724, 6707;
30000, 10000, 0,1180167, 724, 6313;
30000, 10000, 25,956870, 644, 5972;
30000, 10000, 25,956870, 644, 5932;
30000, 10000, 25,956870, 644, 6112;
30000, 10000, 25,956870, 644, 5820;
30000, 10000, 25,956870, 644, 6186;
30000, 10000, 25,956870, 644, 6664;
30000, 10000, 25,956870, 644, 6180;
30000, 10000, 25,956870, 644, 6172;
30000, 10000, 25,956870, 644, 6469;
30000, 10000, 25,956870, 644, 7305;
30000, 10000, 50,935858, 676, 6349;
30000, 10000, 50,935858, 676, 6312;
30000, 10000, 50,935858, 676, 6268;
30000, 10000, 50,935858, 676, 6295;
30000, 10000, 50,935858, 676, 6093;
30000, 10000, 50,935858, 676, 6043;
30000, 10000, 50,935858, 676, 5943;
30000, 10000, 50,935858, 676, 6152;
30000, 10000, 50,935858, 676, 5916;
30000, 10000, 50,935858, 676, 5905;
30000, 10000, 75,951610, 564, 6448;
30000, 10000, 75,951610, 564, 6039;
30000, 10000, 75,951610, 564, 6450;
30000, 10000, 75,951610, 564, 6460;
30000, 10000, 75,951610, 564, 6476;
30000, 10000, 75,951610, 564, 6369;
30000, 10000, 75,951610, 564, 6134;
30000, 10000, 75,951610, 564, 6070;
30000, 10000, 75,951610, 564, 6074;
30000, 10000, 75,951610, 564, 6108;
30000, 10000, 100,943817, 580, 5781;
30000, 10000, 100,943817, 580, 5796;
30000, 10000, 100,943817, 580, 5698;
30000, 10000, 100,943817, 580, 5695;
30000, 10000, 100,943817, 580, 5770;
30000, 10000, 100,943817, 580, 5815;
30000, 10000, 100,943817, 580, 5796;
30000, 10000, 100,943817, 580, 5702;
30000, 10000, 100,943817, 580, 5695;
30000, 10000, 100,943817, 580, 6159;
30000, 1000000, 0,1119150, 708, 6179;
30000, 1000000, 0,1119150, 708, 6238;
30000, 1000000, 0,1119150, 708, 6457;
30000, 1000000, 0,1119150, 708, 6206;
30000, 1000000, 0,1119150, 708, 9419;
30000, 1000000, 0,1119150, 708, 7671;
30000, 1000000, 0,1119150, 708, 5866;
30000, 1000000, 0,1119150, 708, 5834;
30000, 1000000, 0,1119150, 708, 5918;
30000, 1000000, 0,1119150, 708, 5805;
30000, 1000000, 25,980842, 660, 6036;
30000, 1000000, 25,980842, 660, 5648;
30000, 1000000, 25,980842, 660, 5782;
30000, 1000000, 25,980842, 660, 5813;
30000, 1000000, 25,980842, 660, 5651;
30000, 1000000, 25,980842, 660, 5650;
30000, 1000000, 25,980842, 660, 5645;
30000, 1000000, 25,980842, 660, 6030;
30000, 1000000, 25,967088, 628, 5820;
30000, 1000000, 25,1001731, 628, 5941;
30000, 1000000, 50,898588, 628, 7389;
30000, 1000000, 50,898588, 628, 6014;
30000, 1000000, 50,898588, 628, 6196;
30000, 1000000, 50,898588, 628, 6183;
30000, 1000000, 50,898588, 628, 6174;
30000, 1000000, 50,898588, 628, 5788;
30000, 1000000, 50,898588, 628, 5773;
30000, 1000000, 50,898588, 628, 5789;
30000, 1000000, 50,898588, 628, 5796;
30000, 1000000, 50,898588, 628, 6238;
30000, 1000000, 75,917969, 564, 6138;
30000, 1000000, 75,917969, 564, 6032;
30000, 1000000, 75,917969, 564, 6075;
30000, 1000000, 75,917969, 564, 5815;
30000, 1000000, 75,917969, 564, 5813;
30000, 1000000, 75,917969, 564, 5844;
30000, 1000000, 75,917969, 564, 6212;
30000, 1000000, 75,917969, 564, 6223;
30000, 1000000, 75,917969, 564, 6205;
30000, 1000000, 75,917969, 564, 8173;
30000, 1000000, 100,896514, 532, 5337;
30000, 1000000, 100,896514, 532, 5939;
30000, 1000000, 100,896514, 532, 8141;
30000, 1000000, 100,896514, 532, 5687;
30000, 1000000, 100,896514, 532, 5731;
30000, 1000000, 100,896514, 532, 5739;
30000, 1000000, 100,896514, 532, 5584;
30000, 1000000, 100,896514, 532, 5331;
30000, 1000000, 100,896514, 532, 5344;
30000, 1000000, 100,896514, 532, 5350;
30000, 100000000, 0,1126101, 724, 6116;
30000, 100000000, 0,1126101, 724, 5785;
30000, 100000000, 0,1126101, 724, 5755;
30000, 100000000, 0,1126101, 724, 5729;
30000, 100000000, 0,1126101, 724, 5831;
30000, 100000000, 0,1126101, 724, 5805;
30000, 100000000, 0,1126101, 724, 5933;
30000, 100000000, 0,1126101, 724, 5770;
30000, 100000000, 0,1126101, 724, 5748;
30000, 100000000, 0,1126101, 724, 5723;
30000, 100000000, 25,1001731, 628, 5743;
30000, 100000000, 25,1001731, 628, 5722;
30000, 100000000, 25,1001731, 628, 6135;
30000, 100000000, 25,1001731, 628, 5806;
30000, 100000000, 25,1001731, 628, 5778;
30000, 100000000, 25,1001731, 628, 6099;
30000, 100000000, 25,1001731, 628, 6103;
30000, 100000000, 25,1001731, 628, 6106;
30000, 100000000, 25,1001731, 628, 5750;
30000, 100000000, 25,1001731, 628, 6112;
30000, 100000000, 50,898588, 628, 6316;
30000, 100000000, 50,898588, 628, 5794;
30000, 100000000, 50,898588, 628, 5864;
30000, 100000000, 50,898588, 628, 5823;
30000, 100000000, 50,898588, 628, 5972;
30000, 100000000, 50,898588, 628, 5789;
30000, 100000000, 50,898588, 628, 6162;
30000, 100000000, 50,898588, 628, 6819;
30000, 100000000, 50,898588, 628, 5775;
30000, 100000000, 50,898588, 628, 5774;
30000, 100000000, 75,917969, 564, 6209;
30000, 100000000, 75,917969, 564, 7185;
30000, 100000000, 75,917969, 564, 6203;
30000, 100000000, 75,917969, 564, 6209;
30000, 100000000, 75,917969, 564, 5861;
30000, 100000000, 75,917969, 564, 5878;
30000, 100000000, 75,917969, 564, 7842;
30000, 100000000, 75,917969, 564, 5913;
30000, 100000000, 75,942258, 564, 6010;
30000, 100000000, 75,949176, 644, 6164;
30000, 100000000, 100,901068, 516, 5724;
30000, 100000000, 100,901068, 516, 5463;
30000, 100000000, 100,901068, 516, 5410;
30000, 100000000, 100,901068, 516, 5763;
30000, 100000000, 100,901068, 516, 5759;
30000, 100000000, 100,901068, 516, 5424;
30000, 100000000, 100,901068, 516, 5442;
30000, 100000000, 100,901068, 516, 5691;
30000, 100000000, 100,901068, 516, 5751;
30000, 100000000, 100,901068, 516, 5393;
40000, 100, 0,26637093, 11988, 129589;
40000, 100, 0,26637093, 11988, 139090;
40000, 100, 0,26637093, 11988, 128442;
40000, 100, 0,26637093, 11988, 129222;
40000, 100, 0,26637093, 11988, 127295;
40000, 100, 0,26833993, 11988, 136134;
40000, 100, 0,25681090, 12404, 121532;
40000, 100, 0,25681090, 12404, 125071;
40000, 100, 0,25681090, 12404, 123193;
40000, 100, 0,25681090, 12404, 132280;
40000, 100, 25,17136637, 8020, 81833;
40000, 100, 25,17136637, 8020, 81970;
40000, 100, 25,17136637, 8020, 83433;
40000, 100, 25,17136637, 8020, 86132;
40000, 100, 25,17086859, 8020, 88900;
40000, 100, 25,16855812, 7860, 82599;
40000, 100, 25,16855812, 7860, 83629;
40000, 100, 25,16855812, 7860, 82161;
40000, 100, 25,16855812, 7860, 82081;
40000, 100, 25,16855812, 7860, 85793;
40000, 100, 50,17205951, 7812, 88984;
40000, 100, 50,17205951, 7812, 82575;
40000, 100, 50,17205951, 7812, 84313;
40000, 100, 50,17205951, 7812, 85823;
40000, 100, 50,17205951, 7812, 84330;
40000, 100, 50,17308360, 7764, 90700;
40000, 100, 50,19568597, 11316, 98916;
40000, 100, 50,19568597, 11316, 93798;
40000, 100, 50,19568597, 11316, 96341;
40000, 100, 50,19568597, 11316, 96466;
40000, 100, 75,18549007, 9300, 97419;
40000, 100, 75,18549007, 9300, 89821;
40000, 100, 75,18549007, 9300, 90951;
40000, 100, 75,18549007, 9300, 89236;
40000, 100, 75,18622734, 9300, 91177;
40000, 100, 75,17768128, 8628, 94089;
40000, 100, 75,17768128, 8628, 86876;
40000, 100, 75,17768128, 8628, 86452;
40000, 100, 75,17768128, 8628, 88400;
40000, 100, 75,17768128, 8628, 86925;
40000, 100, 100,18424817, 8836, 94913;
40000, 100, 100,18424817, 8836, 95539;
40000, 100, 100,18424817, 8836, 90349;
40000, 100, 100,18424817, 8836, 89019;
40000, 100, 100,18411581, 8836, 90324;
40000, 100, 100,18391977, 9924, 92059;
40000, 100, 100,18391977, 9924, 93172;
40000, 100, 100,18391977, 9924, 88843;
40000, 100, 100,18391977, 9924, 89163;
40000, 100, 100,18391977, 9924, 89896;
40000, 10000, 0,1589226, 804, 8459;
40000, 10000, 0,1589226, 804, 8715;
40000, 10000, 0,1589226, 804, 8383;
40000, 10000, 0,1589226, 804, 8342;
40000, 10000, 0,1589226, 804, 8935;
40000, 10000, 0,1589226, 804, 9137;
40000, 10000, 0,1589226, 804, 9387;
40000, 10000, 0,1589226, 804, 10097;
40000, 10000, 0,1589226, 804, 9035;
40000, 10000, 0,1589226, 804, 8396;
40000, 10000, 25,1293583, 644, 8342;
40000, 10000, 25,1293583, 644, 8224;
40000, 10000, 25,1293583, 644, 7854;
40000, 10000, 25,1293583, 644, 8359;
40000, 10000, 25,1293583, 644, 8341;
40000, 10000, 25,1293583, 644, 7952;
40000, 10000, 25,1293583, 644, 8297;
40000, 10000, 25,1293583, 644, 7996;
40000, 10000, 25,1293583, 644, 8337;
40000, 10000, 25,1293583, 644, 7853;
40000, 10000, 50,1316166, 676, 8770;
40000, 10000, 50,1316166, 676, 9373;
40000, 10000, 50,1316166, 676, 8528;
40000, 10000, 50,1315622, 676, 9121;
40000, 10000, 50,1527107, 708, 9638;
40000, 10000, 50,1527107, 708, 9661;
40000, 10000, 50,1527107, 708, 9556;
40000, 10000, 50,1527107, 708, 9903;
40000, 10000, 50,1527107, 708, 9583;
40000, 10000, 50,1527107, 708, 10080;
40000, 10000, 75,1419800, 756, 9695;
40000, 10000, 75,1419800, 756, 9913;
40000, 10000, 75,1419800, 756, 8867;
40000, 10000, 75,1419800, 756, 9898;
40000, 10000, 75,1419800, 756, 12052;
40000, 10000, 75,1419800, 756, 8866;
40000, 10000, 75,1419800, 756, 10111;
40000, 10000, 75,1419800, 756, 8965;
40000, 10000, 75,1419800, 756, 8862;
40000, 10000, 75,1419800, 756, 9448;
40000, 10000, 100,1322791, 580, 8054;
40000, 10000, 100,1322791, 580, 7956;
40000, 10000, 100,1322791, 580, 8476;
40000, 10000, 100,1322791, 580, 8426;
40000, 10000, 100,1322791, 580, 7995;
40000, 10000, 100,1322791, 580, 8327;
40000, 10000, 100,1322791, 580, 8469;
40000, 10000, 100,1322791, 580, 8476;
40000, 10000, 100,1322791, 580, 8043;
40000, 10000, 100,1322791, 580, 8086;
40000, 1000000, 0,1457504, 820, 7655;
40000, 1000000, 0,1457504, 820, 7437;
40000, 1000000, 0,1457504, 820, 7614;
40000, 1000000, 0,1457504, 820, 8006;
40000, 1000000, 0,1457504, 820, 7888;
40000, 1000000, 0,1457504, 820, 7374;
40000, 1000000, 0,1457504, 820, 7364;
40000, 1000000, 0,1457504, 820, 7857;
40000, 1000000, 0,1457504, 820, 7868;
40000, 1000000, 0,1457504, 820, 7915;
40000, 1000000, 25,1297917, 628, 11846;
40000, 1000000, 25,1297917, 628, 10075;
40000, 1000000, 25,1297917, 628, 7978;
40000, 1000000, 25,1297917, 628, 8276;
40000, 1000000, 25,1297917, 628, 8277;
40000, 1000000, 25,1297917, 628, 8354;
40000, 1000000, 25,1297917, 628, 8288;
40000, 1000000, 25,1297917, 628, 7786;
40000, 1000000, 25,1297917, 628, 8281;
40000, 1000000, 25,1297917, 628, 7964;
40000, 1000000, 50,1458596, 692, 9300;
40000, 1000000, 50,1458596, 692, 9053;
40000, 1000000, 50,1458596, 692, 9019;
40000, 1000000, 50,1458596, 692, 9108;
40000, 1000000, 50,1458596, 692, 9102;
40000, 1000000, 50,1251810, 580, 7782;
40000, 1000000, 50,1341408, 660, 8417;
40000, 1000000, 50,1341408, 660, 8425;
40000, 1000000, 50,1341408, 660, 9003;
40000, 1000000, 50,1341408, 660, 8596;
40000, 1000000, 75,1483211, 740, 8973;
40000, 1000000, 75,1483211, 740, 9610;
40000, 1000000, 75,1483211, 740, 9096;
40000, 1000000, 75,1483211, 740, 8994;
40000, 1000000, 75,1483211, 740, 9606;
40000, 1000000, 75,1483211, 740, 9642;
40000, 1000000, 75,1483211, 740, 9805;
40000, 1000000, 75,1483211, 740, 9586;
40000, 1000000, 75,1483211, 740, 9566;
40000, 1000000, 75,1483211, 740, 9577;
40000, 1000000, 100,1260210, 644, 7982;
40000, 1000000, 100,1260210, 644, 7532;
40000, 1000000, 100,1260210, 644, 7420;
40000, 1000000, 100,1260210, 644, 7411;
40000, 1000000, 100,1260210, 644, 7900;
40000, 1000000, 100,1260210, 644, 7450;
40000, 1000000, 100,1260210, 644, 7608;
40000, 1000000, 100,1260210, 644, 7517;
40000, 1000000, 100,1260210, 644, 7391;
40000, 1000000, 100,1260210, 644, 7411;
40000, 100000000, 0,1540426, 804, 8417;
40000, 100000000, 0,1540426, 804, 7825;
40000, 100000000, 0,1540426, 804, 7773;
40000, 100000000, 0,1540426, 804, 8283;
40000, 100000000, 0,1540426, 804, 7776;
40000, 100000000, 0,1540426, 804, 7883;
40000, 100000000, 0,1540426, 804, 7817;
40000, 100000000, 0,1540426, 804, 7800;
40000, 100000000, 0,1540426, 804, 7855;
40000, 100000000, 0,1540426, 804, 7773;
40000, 100000000, 25,1293347, 644, 8112;
40000, 100000000, 25,1293347, 644, 8097;
40000, 100000000, 25,1293347, 644, 8113;
40000, 100000000, 25,1293347, 644, 7654;
40000, 100000000, 25,1293347, 644, 8095;
40000, 100000000, 25,1293347, 644, 8276;
40000, 100000000, 25,1293347, 644, 8219;
40000, 100000000, 25,1293347, 644, 9945;
40000, 100000000, 25,1293347, 644, 8068;
40000, 100000000, 25,1293347, 644, 8166;
40000, 100000000, 50,1341408, 660, 8474;
40000, 100000000, 50,1341408, 660, 8421;
40000, 100000000, 50,1341408, 660, 8454;
40000, 100000000, 50,1341408, 660, 8592;
40000, 100000000, 50,1341408, 660, 8458;
40000, 100000000, 50,1341408, 660, 8510;
40000, 100000000, 50,1341408, 660, 8988;
40000, 100000000, 50,1306412, 692, 8212;
40000, 100000000, 50,1226100, 628, 8196;
40000, 100000000, 50,1226100, 628, 8246;
40000, 100000000, 75,1305010, 660, 8196;
40000, 100000000, 75,1305010, 660, 8673;
40000, 100000000, 75,1305010, 660, 8275;
40000, 100000000, 75,1305010, 660, 8793;
40000, 100000000, 75,1305010, 660, 8159;
40000, 100000000, 75,1305010, 660, 8198;
40000, 100000000, 75,1305010, 660, 8732;
40000, 100000000, 75,1305010, 660, 8698;
40000, 100000000, 75,1305010, 660, 8820;
40000, 100000000, 75,1305010, 660, 8722;
40000, 100000000, 100,1271858, 628, 8864;
40000, 100000000, 100,1271858, 628, 8020;
40000, 100000000, 100,1271858, 628, 8418;
40000, 100000000, 100,1271858, 628, 8388;
40000, 100000000, 100,1271858, 628, 8012;
40000, 100000000, 100,1271858, 628, 7974;
40000, 100000000, 100,1271858, 628, 8022;
40000, 100000000, 100,1271858, 628, 7622;
40000, 100000000, 100,1271858, 628, 7872;
40000, 100000000, 100,1271858, 628, 8087;
50000, 100, 0,40171364, 15156, 194839;
50000, 100, 0,40171364, 15156, 202072;
50000, 100, 0,40041393, 15108, 194659;
50000, 100, 0,40974997, 15604, 195615;
50000, 100, 0,40974997, 15604, 202787;
50000, 100, 0,40974997, 15604, 197547;
50000, 100, 0,40974997, 15604, 203071;
50000, 100, 0,40672927, 15604, 195161;
50000, 100, 0,38772812, 15204, 186305;
50000, 100, 0,38772812, 15204, 194173;
50000, 100, 25,29056929, 13652, 143507;
50000, 100, 25,29056929, 13652, 141374;
50000, 100, 25,29069367, 13652, 148290;
50000, 100, 25,27097105, 12020, 132489;
50000, 100, 25,27097105, 12020, 132428;
50000, 100, 25,27097105, 12020, 132702;
50000, 100, 25,27097105, 12020, 132963;
50000, 100, 25,27097105, 12020, 129977;
50000, 100, 25,27097105, 12020, 131343;
50000, 100, 25,27078974, 12020, 137578;
50000, 100, 50,28276604, 12420, 138840;
50000, 100, 50,28276604, 12420, 138906;
50000, 100, 50,28276604, 12420, 140245;
50000, 100, 50,28276604, 12420, 146080;
50000, 100, 50,28276604, 12420, 135887;
50000, 100, 50,28276604, 12420, 138474;
50000, 100, 50,29104736, 12388, 148856;
50000, 100, 50,28828408, 11940, 140683;
50000, 100, 50,28828408, 11940, 138849;
50000, 100, 50,28828408, 11940, 148146;
50000, 100, 75,28803579, 11828, 141502;
50000, 100, 75,28803579, 11828, 145909;
50000, 100, 75,28777925, 11828, 139506;
50000, 100, 75,27896437, 11988, 143497;
50000, 100, 75,27896437, 11988, 136056;
50000, 100, 75,27896437, 11988, 137723;
50000, 100, 75,27896437, 11988, 147858;
50000, 100, 75,27896437, 11988, 134303;
50000, 100, 75,27896437, 11988, 134241;
50000, 100, 75,28143996, 11956, 139477;
50000, 100, 100,35516954, 15668, 176943;
50000, 100, 100,35516954, 15668, 175083;
50000, 100, 100,35516954, 15668, 178915;
50000, 100, 100,35516954, 15668, 172110;
50000, 100, 100,35500529, 15668, 172034;
50000, 100, 100,28584253, 11396, 142721;
50000, 100, 100,28584253, 11396, 142746;
50000, 100, 100,28584253, 11396, 136885;
50000, 100, 100,28584253, 11396, 138981;
50000, 100, 100,28584253, 11396, 145428;
50000, 10000, 0,2106106, 820, 11178;
50000, 10000, 0,2106106, 820, 11284;
50000, 10000, 0,2106106, 820, 11762;
50000, 10000, 0,2106106, 820, 10998;
50000, 10000, 0,2106106, 820, 11668;
50000, 10000, 0,2106106, 820, 11289;
50000, 10000, 0,2106106, 820, 10939;
50000, 10000, 0,2066487, 772, 10865;
50000, 10000, 0,2142457, 868, 11178;
50000, 10000, 0,2142457, 868, 11277;
50000, 10000, 25,1694102, 628, 10650;
50000, 10000, 25,1694102, 628, 10602;
50000, 10000, 25,1694102, 628, 10806;
50000, 10000, 25,1694102, 628, 10554;
50000, 10000, 25,1694102, 628, 11802;
50000, 10000, 25,1694102, 628, 11850;
50000, 10000, 25,1694102, 628, 11233;
50000, 10000, 25,1694102, 628, 14113;
50000, 10000, 25,1694102, 628, 11250;
50000, 10000, 25,1694102, 628, 11363;
50000, 10000, 50,1763762, 676, 11552;
50000, 10000, 50,1763762, 676, 11093;
50000, 10000, 50,1763762, 676, 11190;
50000, 10000, 50,1763762, 676, 11092;
50000, 10000, 50,1763762, 676, 11209;
50000, 10000, 50,1763762, 676, 11085;
50000, 10000, 50,1763762, 676, 11093;
50000, 10000, 50,1763762, 676, 11366;
50000, 10000, 50,1763762, 676, 11873;
50000, 10000, 50,1763762, 676, 11186;
50000, 10000, 75,1698419, 612, 10710;
50000, 10000, 75,1698419, 612, 11275;
50000, 10000, 75,1698419, 612, 10759;
50000, 10000, 75,1698419, 612, 10835;
50000, 10000, 75,1698419, 612, 10741;
50000, 10000, 75,1698419, 612, 11279;
50000, 10000, 75,1698419, 612, 11523;
50000, 10000, 75,1698419, 612, 11410;
50000, 10000, 75,1698419, 612, 14728;
50000, 10000, 75,1698419, 612, 11567;
50000, 10000, 100,1888122, 660, 11193;
50000, 10000, 100,1888122, 660, 11250;
50000, 10000, 100,1888122, 660, 11185;
50000, 10000, 100,1888122, 660, 11785;
50000, 10000, 100,1888122, 660, 11770;
50000, 10000, 100,1888122, 660, 11072;
50000, 10000, 100,1888122, 660, 11135;
50000, 10000, 100,1891550, 660, 11720;
50000, 10000, 100,1961772, 660, 11531;
50000, 10000, 100,1961772, 660, 12039;
50000, 1000000, 0,1919401, 804, 9989;
50000, 1000000, 0,1919401, 804, 9658;
50000, 1000000, 0,1919401, 804, 10048;
50000, 1000000, 0,1919401, 804, 10228;
50000, 1000000, 0,1919401, 804, 10453;
50000, 1000000, 0,1919401, 804, 10281;
50000, 1000000, 0,1919401, 804, 10322;
50000, 1000000, 0,1919401, 804, 10347;
50000, 1000000, 0,1919401, 804, 10395;
50000, 1000000, 0,1919401, 804, 11123;
50000, 1000000, 25,1637245, 692, 9810;
50000, 1000000, 25,1637245, 692, 10179;
50000, 1000000, 25,1637245, 692, 10341;
50000, 1000000, 25,1637245, 692, 10025;
50000, 1000000, 25,1637245, 692, 10372;
50000, 1000000, 25,1637245, 692, 10077;
50000, 1000000, 25,1637245, 692, 10534;
50000, 1000000, 25,1637245, 692, 9983;
50000, 1000000, 25,1637245, 692, 9728;
50000, 1000000, 25,1637245, 692, 10212;
50000, 1000000, 50,1673186, 628, 10836;
50000, 1000000, 50,1673186, 628, 10544;
50000, 1000000, 50,1673186, 628, 10450;
50000, 1000000, 50,1673186, 628, 10490;
50000, 1000000, 50,1673186, 628, 10560;
50000, 1000000, 50,1673186, 628, 10397;
50000, 1000000, 50,1673186, 628, 10538;
50000, 1000000, 50,1673186, 628, 11042;
50000, 1000000, 50,1673186, 628, 10570;
50000, 1000000, 50,1673186, 628, 11540;
50000, 1000000, 75,1608283, 644, 10657;
50000, 1000000, 75,1608283, 644, 10179;
50000, 1000000, 75,1608283, 644, 14414;
50000, 1000000, 75,1608283, 644, 10166;
50000, 1000000, 75,1608283, 644, 10123;
50000, 1000000, 75,1608283, 644, 10083;
50000, 1000000, 75,1608283, 644, 10662;
50000, 1000000, 75,1608283, 644, 10127;
50000, 1000000, 75,1594999, 644, 10036;
50000, 1000000, 75,1696205, 692, 10959;
50000, 1000000, 100,1817353, 692, 10993;
50000, 1000000, 100,1817353, 692, 10489;
50000, 1000000, 100,1817353, 692, 10580;
50000, 1000000, 100,1817353, 692, 10782;
50000, 1000000, 100,1817353, 692, 10570;
50000, 1000000, 100,1817353, 692, 11284;
50000, 1000000, 100,1817353, 692, 10605;
50000, 1000000, 100,1817353, 692, 10540;
50000, 1000000, 100,1817353, 692, 10512;
50000, 1000000, 100,1817353, 692, 10665;
50000, 100000000, 0,1959295, 756, 10553;
50000, 100000000, 0,1959295, 756, 10477;
50000, 100000000, 0,1959295, 756, 10594;
50000, 100000000, 0,1959295, 756, 12401;
50000, 100000000, 0,1959295, 756, 10471;
50000, 100000000, 0,1959295, 756, 10918;
50000, 100000000, 0,1959295, 756, 10423;
50000, 100000000, 0,1959295, 756, 10588;
50000, 100000000, 0,1959295, 756, 10560;
50000, 100000000, 0,1959295, 756, 10349;
50000, 100000000, 25,1647068, 660, 9689;
50000, 100000000, 25,1647068, 660, 9880;
50000, 100000000, 25,1647068, 660, 10172;
50000, 100000000, 25,1647068, 660, 9602;
50000, 100000000, 25,1647068, 660, 9857;
50000, 100000000, 25,1647068, 660, 9732;
50000, 100000000, 25,1647068, 660, 9648;
50000, 100000000, 25,1647068, 660, 10287;
50000, 100000000, 25,1647068, 660, 9695;
50000, 100000000, 25,1647068, 660, 9990;
50000, 100000000, 50,1903018, 708, 11569;
50000, 100000000, 50,1903018, 708, 11526;
50000, 100000000, 50,1903018, 708, 12309;
50000, 100000000, 50,1903018, 708, 12208;
50000, 100000000, 50,1903018, 708, 15703;
50000, 100000000, 50,1903018, 708, 11798;
50000, 100000000, 50,1903018, 708, 11444;
50000, 100000000, 50,1903018, 708, 11560;
50000, 100000000, 50,1903018, 708, 12180;
50000, 100000000, 50,1918052, 676, 11735;
50000, 100000000, 75,1642219, 596, 10197;
50000, 100000000, 75,1642219, 596, 11851;
50000, 100000000, 75,1642219, 596, 10224;
50000, 100000000, 75,1642219, 596, 10074;
50000, 100000000, 75,1642219, 596, 10873;
50000, 100000000, 75,1642219, 596, 11020;
50000, 100000000, 75,1642219, 596, 10219;
50000, 100000000, 75,1642219, 596, 10251;
50000, 100000000, 75,1642219, 596, 10170;
50000, 100000000, 75,1642219, 596, 10057;
50000, 100000000, 100,1774078, 644, 10483;
50000, 100000000, 100,1774078, 644, 10472;
50000, 100000000, 100,1774078, 644, 10339;
50000, 100000000, 100,1774078, 644, 10866;
50000, 100000000, 100,1774078, 644, 12215;
50000, 100000000, 100,1774078, 644, 11194;
50000, 100000000, 100,1774078, 644, 10991;
50000, 100000000, 100,1774078, 644, 11094;
50000, 100000000, 100,1774078, 644, 10973;
50000, 100000000, 100,1774078, 644, 10377;
60000, 100, 0,57320295, 20420, 277072;
60000, 100, 0,57134112, 20420, 287776;
60000, 100, 0,69590633, 19908, 339306;
60000, 100, 0,69590633, 19908, 338354;
60000, 100, 0,69450325, 19828, 341432;
60000, 100, 0,62843880, 19732, 307133;
60000, 100, 0,62843880, 19732, 309146;
60000, 100, 0,62701022, 19732, 312618;
60000, 100, 0,68578391, 19732, 328663;
60000, 100, 0,68578391, 19732, 338182;
60000, 100, 25,39239480, 15956, 193742;
60000, 100, 25,38667562, 15764, 194948;
60000, 100, 25,38667562, 15764, 184772;
60000, 100, 25,38667562, 15764, 190957;
60000, 100, 25,38667562, 15764, 187744;
60000, 100, 25,38591991, 15764, 186458;
60000, 100, 25,40926229, 15204, 202957;
60000, 100, 25,40926229, 15204, 197200;
60000, 100, 25,40926229, 15204, 202901;
60000, 100, 25,40926229, 15204, 194616;
60000, 100, 50,41375675, 14660, 203660;
60000, 100, 50,39355714, 12836, 199180;
60000, 100, 50,39355714, 12836, 188746;
60000, 100, 50,39355714, 12836, 200254;
60000, 100, 50,39349671, 12836, 187823;
60000, 100, 50,39271886, 13460, 197364;
60000, 100, 50,39271886, 13460, 193380;
60000, 100, 50,39271886, 13460, 192500;
60000, 100, 50,39271886, 13460, 196169;
60000, 100, 50,39114923, 13460, 187417;
60000, 100, 75,40093096, 13844, 194549;
60000, 100, 75,40093096, 13844, 199523;
60000, 100, 75,40093096, 13844, 193751;
60000, 100, 75,40093096, 13844, 200684;
60000, 100, 75,40117085, 13844, 194217;
60000, 100, 75,40718283, 14260, 198945;
60000, 100, 75,40718283, 14260, 207308;
60000, 100, 75,40718283, 14260, 198114;
60000, 100, 75,40718283, 14260, 209281;
60000, 100, 75,38726819, 12932, 186114;
60000, 100, 100,64595597, 37092, 328395;
60000, 100, 100,64595597, 37092, 312741;
60000, 100, 100,64179210, 36356, 318248;
60000, 100, 100,40885481, 14644, 205004;
60000, 100, 100,40885481, 14644, 208103;
60000, 100, 100,40885481, 14644, 198388;
60000, 100, 100,41764354, 14644, 210798;
60000, 100, 100,50473311, 28900, 241535;
60000, 100, 100,50473311, 28900, 247851;
60000, 100, 100,50473311, 28900, 244792;
60000, 10000, 0,2635063, 804, 14166;
60000, 10000, 0,2635063, 804, 14008;
60000, 10000, 0,2635063, 804, 14394;
60000, 10000, 0,2627316, 804, 15477;
60000, 10000, 0,2888450, 868, 15778;
60000, 10000, 0,2888450, 868, 19986;
60000, 10000, 0,2888450, 868, 14903;
60000, 10000, 0,2888450, 868, 14893;
60000, 10000, 0,2888450, 868, 14888;
60000, 10000, 0,2888450, 868, 15244;
60000, 10000, 25,2186129, 660, 13186;
60000, 10000, 25,2186129, 660, 14049;
60000, 10000, 25,2186129, 660, 13155;
60000, 10000, 25,2186129, 660, 13184;
60000, 10000, 25,2186129, 660, 13830;
60000, 10000, 25,2186129, 660, 13159;
60000, 10000, 25,2186129, 660, 13159;
60000, 10000, 25,2186129, 660, 13262;
60000, 10000, 25,2186129, 660, 13457;
60000, 10000, 25,2186129, 660, 13253;
60000, 10000, 50,2151777, 692, 14319;
60000, 10000, 50,2151777, 692, 13588;
60000, 10000, 50,2151777, 692, 17049;
60000, 10000, 50,2151777, 692, 13473;
60000, 10000, 50,2151777, 692, 13436;
60000, 10000, 50,2151777, 692, 13493;
60000, 10000, 50,2151777, 692, 13484;
60000, 10000, 50,2151777, 692, 13605;
60000, 10000, 50,2151777, 692, 13385;
60000, 10000, 50,2151777, 692, 13425;
60000, 10000, 75,2230732, 708, 14044;
60000, 10000, 75,2230732, 708, 13871;
60000, 10000, 75,2230732, 708, 14490;
60000, 10000, 75,2230732, 708, 14664;
60000, 10000, 75,2230732, 708, 13860;
60000, 10000, 75,2230732, 708, 13765;
60000, 10000, 75,2933218, 852, 17472;
60000, 10000, 75,2277545, 740, 13781;
60000, 10000, 75,2277545, 740, 14854;
60000, 10000, 75,2277545, 740, 16950;
60000, 10000, 100,2421296, 788, 14708;
60000, 10000, 100,2421296, 788, 14583;
60000, 10000, 100,2421296, 788, 14308;
60000, 10000, 100,2421296, 788, 14268;
60000, 10000, 100,2421296, 788, 14298;
60000, 10000, 100,2421296, 788, 14422;
60000, 10000, 100,2421296, 788, 14326;
60000, 10000, 100,2421296, 788, 14258;
60000, 10000, 100,2421296, 788, 14271;
60000, 10000, 100,2421296, 788, 15062;
60000, 1000000, 0,2381148, 820, 11831;
60000, 1000000, 0,2381148, 820, 12521;
60000, 1000000, 0,2381148, 820, 12435;
60000, 1000000, 0,2381148, 820, 12542;
60000, 1000000, 0,2381148, 820, 12557;
60000, 1000000, 0,2381148, 820, 12480;
60000, 1000000, 0,2381148, 820, 12454;
60000, 1000000, 0,2381148, 820, 13641;
60000, 1000000, 0,2381148, 820, 12453;
60000, 1000000, 0,2381148, 820, 12595;
60000, 1000000, 25,2011662, 660, 11723;
60000, 1000000, 25,2011662, 660, 12511;
60000, 1000000, 25,2011662, 660, 11709;
60000, 1000000, 25,2011662, 660, 12749;
60000, 1000000, 25,2011662, 660, 11945;
60000, 1000000, 25,2011662, 660, 12450;
60000, 1000000, 25,2011662, 660, 12401;
60000, 1000000, 25,2011662, 660, 12181;
60000, 1000000, 25,2011662, 660, 12255;
60000, 1000000, 25,2007230, 660, 12395;
60000, 1000000, 50,2160544, 724, 13405;
60000, 1000000, 50,2160544, 724, 14104;
60000, 1000000, 50,2160544, 724, 13246;
60000, 1000000, 50,2160544, 724, 14624;
60000, 1000000, 50,2160544, 724, 13267;
60000, 1000000, 50,2160544, 724, 16224;
60000, 1000000, 50,2160544, 724, 14237;
60000, 1000000, 50,2160544, 724, 13329;
60000, 1000000, 50,2160544, 724, 13264;
60000, 1000000, 50,2160544, 724, 14101;
60000, 1000000, 75,3424873, 996, 19176;
60000, 1000000, 75,3424873, 996, 19830;
60000, 1000000, 75,3424873, 996, 19707;
60000, 1000000, 75,3424873, 996, 19977;
60000, 1000000, 75,3424873, 996, 19144;
60000, 1000000, 75,3424873, 996, 19936;
60000, 1000000, 75,3424873, 996, 19193;
60000, 1000000, 75,3424873, 996, 19187;
60000, 1000000, 75,3424873, 996, 20529;
60000, 1000000, 75,3424873, 996, 20795;
60000, 1000000, 100,2201701, 660, 13625;
60000, 1000000, 100,2201701, 660, 13315;
60000, 1000000, 100,2201701, 660, 12869;
60000, 1000000, 100,2201701, 660, 12789;
60000, 1000000, 100,2201701, 660, 13598;
60000, 1000000, 100,2201701, 660, 13657;
60000, 1000000, 100,2201701, 660, 13616;
60000, 1000000, 100,2201701, 660, 12903;
60000, 1000000, 100,2201701, 660, 12947;
60000, 1000000, 100,2201701, 660, 12693;
60000, 100000000, 0,2379980, 788, 12539;
60000, 100000000, 0,2371584, 756, 11745;
60000, 100000000, 0,2371584, 756, 15235;
60000, 100000000, 0,2371584, 756, 11796;
60000, 100000000, 0,2371584, 756, 12274;
60000, 100000000, 0,2371584, 756, 12173;
60000, 100000000, 0,2371584, 756, 12705;
60000, 100000000, 0,2371584, 756, 12647;
60000, 100000000, 0,2371584, 756, 11779;
60000, 100000000, 0,2371584, 756, 11919;
60000, 100000000, 25,1930852, 628, 11792;
60000, 100000000, 25,1930852, 628, 11681;
60000, 100000000, 25,1930852, 628, 11634;
60000, 100000000, 25,1930852, 628, 14356;
60000, 100000000, 25,1930852, 628, 11788;
60000, 100000000, 25,1930852, 628, 11993;
60000, 100000000, 25,1930852, 628, 11812;
60000, 100000000, 25,1930852, 628, 11648;
60000, 100000000, 25,1930852, 628, 11824;
60000, 100000000, 25,1930852, 628, 11753;
60000, 100000000, 50,1924956, 612, 12195;
60000, 100000000, 50,1924956, 612, 12788;
60000, 100000000, 50,1924956, 612, 12034;
60000, 100000000, 50,1924956, 612, 12148;
60000, 100000000, 50,1924956, 612, 14587;
60000, 100000000, 50,1924956, 612, 13303;
60000, 100000000, 50,1924956, 612, 13332;
60000, 100000000, 50,1924956, 612, 12096;
60000, 100000000, 50,1924956, 612, 12164;
60000, 100000000, 50,1924956, 612, 12330;
60000, 100000000, 75,1929462, 644, 12364;
60000, 100000000, 75,1929462, 644, 12473;
60000, 100000000, 75,1929462, 644, 11945;
60000, 100000000, 75,1929462, 644, 12631;
60000, 100000000, 75,1929462, 644, 11872;
60000, 100000000, 75,2064315, 692, 12640;
60000, 100000000, 75,2280203, 708, 13875;
60000, 100000000, 75,2280203, 708, 13738;
60000, 100000000, 75,2280203, 708, 13781;
60000, 100000000, 75,2280203, 708, 14612;
60000, 100000000, 100,2239752, 660, 13826;
60000, 100000000, 100,2239752, 660, 13860;
60000, 100000000, 100,2239752, 660, 13841;
60000, 100000000, 100,2239752, 660, 14587;
60000, 100000000, 100,2239752, 660, 13061;
60000, 100000000, 100,2239752, 660, 13804;
60000, 100000000, 100,2239752, 660, 13198;
60000, 100000000, 100,2239752, 660, 13360;
60000, 100000000, 100,2239752, 660, 13183;
60000, 100000000, 100,2239752, 660, 13724;
70000, 100, 0,90793600, 21284, 438564;
70000, 100, 0,90484564, 21220, 444717;
70000, 100, 0,88146422, 20052, 431085;
70000, 100, 0,87951472, 20052, 429071;
70000, 100, 0,90383484, 21892, 446702;
70000, 100, 0,90186298, 21892, 451249;
70000, 100, 0,89488064, 24180, 437181;
70000, 100, 0,89382721, 24180, 444691;
70000, 100, 0,88640698, 23716, 430651;
70000, 100, 0,88640698, 23716, 432129;
70000, 100, 25,50930811, 14228, 245621;
70000, 100, 25,50930811, 14228, 253730;
70000, 100, 25,50930811, 14228, 243326;
70000, 100, 25,50940559, 14228, 257792;
70000, 100, 25,58059392, 16548, 285032;
70000, 100, 25,58059392, 16548, 283272;
70000, 100, 25,58059392, 16548, 280137;
70000, 100, 25,51027225, 13764, 256301;
70000, 100, 25,50771360, 13508, 241692;
70000, 100, 25,50771360, 13508, 250421;
70000, 100, 50,51149848, 13204, 246113;
70000, 100, 50,51744399, 14324, 255858;
70000, 100, 50,51744399, 14324, 249808;
70000, 100, 50,51744399, 14324, 254710;
70000, 100, 50,51596880, 14324, 250495;
70000, 100, 50,57561176, 21252, 281977;
70000, 100, 50,57561176, 21252, 279552;
70000, 100, 50,57662236, 21252, 277961;
70000, 100, 50,53200458, 14420, 260210;
70000, 100, 50,53200458, 14420, 258461;
70000, 100, 75,53406434, 15236, 264529;
70000, 100, 75,53578422, 15236, 261259;
70000, 100, 75,57591316, 18084, 284332;
70000, 100, 75,57591316, 18084, 278267;
70000, 100, 75,57936958, 18084, 288003;
70000, 100, 75,53479165, 15412, 256580;
70000, 100, 75,53479165, 15412, 265500;
70000, 100, 75,53479165, 15412, 262956;
70000, 100, 75,53284817, 15412, 268832;
70000, 100, 75,54320534, 16324, 270067;
70000, 100, 100,56877509, 18740, 272988;
70000, 100, 100,56843182, 18740, 286243;
70000, 100, 100,55932952, 16676, 267183;
70000, 100, 100,55932952, 16676, 278102;
70000, 100, 100,55932952, 16676, 266234;
70000, 100, 100,55878932, 16644, 279429;
70000, 100, 100,57081397, 16548, 277164;
70000, 100, 100,57081397, 16548, 277531;
70000, 100, 100,57050255, 16548, 281390;
70000, 100, 100,52455260, 15940, 254657;
70000, 10000, 0,3436976, 932, 17857;
70000, 10000, 0,3436976, 932, 18528;
70000, 10000, 0,3436976, 932, 17814;
70000, 10000, 0,3436976, 932, 18988;
70000, 10000, 0,3436976, 932, 18882;
70000, 10000, 0,3436976, 932, 25975;
70000, 10000, 0,3436976, 932, 19021;
70000, 10000, 0,3436976, 932, 17715;
70000, 10000, 0,3436976, 932, 18771;
70000, 10000, 0,3436976, 932, 17851;
70000, 10000, 25,2740954, 788, 16304;
70000, 10000, 25,2740954, 788, 15896;
70000, 10000, 25,2740954, 788, 15934;
70000, 10000, 25,2740954, 788, 16100;
70000, 10000, 25,2740954, 788, 15844;
70000, 10000, 25,2740954, 788, 15860;
70000, 10000, 25,2660991, 788, 15454;
70000, 10000, 25,2748629, 772, 16807;
70000, 10000, 25,2748629, 772, 16835;
70000, 10000, 25,2748629, 772, 20716;
70000, 10000, 50,2754256, 740, 17358;
70000, 10000, 50,2754256, 740, 17469;
70000, 10000, 50,2754256, 740, 19678;
70000, 10000, 50,2754256, 740, 17189;
70000, 10000, 50,2754256, 740, 17389;
70000, 10000, 50,2754256, 740, 18255;
70000, 10000, 50,2754256, 740, 17171;
70000, 10000, 50,2754256, 740, 17180;
70000, 10000, 50,2754256, 740, 17175;
70000, 10000, 50,2754256, 740, 18272;
70000, 10000, 75,2737778, 740, 17391;
70000, 10000, 75,2737778, 740, 17554;
70000, 10000, 75,2737778, 740, 18455;
70000, 10000, 75,2737778, 740, 19932;
70000, 10000, 75,2737778, 740, 17595;
70000, 10000, 75,2737778, 740, 16824;
70000, 10000, 75,2737778, 740, 16901;
70000, 10000, 75,2737778, 740, 16852;
70000, 10000, 75,2737778, 740, 16991;
70000, 10000, 75,2737778, 740, 17804;
70000, 10000, 100,2803864, 740, 16638;
70000, 10000, 100,2803864, 740, 16548;
70000, 10000, 100,2803864, 740, 16518;
70000, 10000, 100,2902720, 884, 18062;
70000, 10000, 100,2903713, 756, 16986;
70000, 10000, 100,2903713, 756, 18074;
70000, 10000, 100,2903713, 756, 18989;
70000, 10000, 100,2903713, 756, 23210;
70000, 10000, 100,2903713, 756, 21006;
70000, 10000, 100,2903713, 756, 18303;
70000, 1000000, 0,2702299, 788, 14420;
70000, 1000000, 0,2702299, 788, 13570;
70000, 1000000, 0,2702299, 788, 13408;
70000, 1000000, 0,2702299, 788, 13459;
70000, 1000000, 0,2702299, 788, 13989;
70000, 1000000, 0,2702299, 788, 15076;
70000, 1000000, 0,2702299, 788, 15414;
70000, 1000000, 0,2702299, 788, 13394;
70000, 1000000, 0,2702299, 788, 14205;
70000, 1000000, 0,2702299, 788, 13841;
70000, 1000000, 25,2347685, 692, 13812;
70000, 1000000, 25,2347685, 692, 13690;
70000, 1000000, 25,2347685, 692, 14458;
70000, 1000000, 25,2347685, 692, 14449;
70000, 1000000, 25,2347685, 692, 13701;
70000, 1000000, 25,2368496, 740, 13969;
70000, 1000000, 25,2349815, 692, 14312;
70000, 1000000, 25,2349815, 692, 14742;
70000, 1000000, 25,2349815, 692, 14684;
70000, 1000000, 25,2349815, 692, 14285;
70000, 1000000, 50,2295341, 612, 15373;
70000, 1000000, 50,2295341, 612, 16113;
70000, 1000000, 50,2295341, 612, 14458;
70000, 1000000, 50,2295341, 612, 14534;
70000, 1000000, 50,2295341, 612, 14719;
70000, 1000000, 50,2295341, 612, 15159;
70000, 1000000, 50,2295341, 612, 14631;
70000, 1000000, 50,2295341, 612, 15410;
70000, 1000000, 50,2295341, 612, 15506;
70000, 1000000, 50,2295341, 612, 15457;
70000, 1000000, 75,2555500, 756, 16087;
70000, 1000000, 75,2555500, 756, 15420;
70000, 1000000, 75,2555500, 756, 15572;
70000, 1000000, 75,2555500, 756, 15407;
70000, 1000000, 75,2555500, 756, 16500;
70000, 1000000, 75,2555500, 756, 16370;
70000, 1000000, 75,2555500, 756, 17556;
70000, 1000000, 75,2555500, 756, 15460;
70000, 1000000, 75,2555500, 756, 15631;
70000, 1000000, 75,2555500, 756, 15540;
70000, 1000000, 100,2537151, 676, 14754;
70000, 1000000, 100,2537151, 676, 15054;
70000, 1000000, 100,2537151, 676, 14923;
70000, 1000000, 100,2537151, 676, 15422;
70000, 1000000, 100,2504238, 708, 18383;
70000, 1000000, 100,2522313, 692, 15652;
70000, 1000000, 100,2522313, 692, 14829;
70000, 1000000, 100,2522313, 692, 14908;
70000, 1000000, 100,2522313, 692, 15184;
70000, 1000000, 100,2522313, 692, 15785;
70000, 100000000, 0,2828640, 852, 14728;
70000, 100000000, 0,2828640, 852, 16625;
70000, 100000000, 0,2828640, 852, 14435;
70000, 100000000, 0,2828640, 852, 15803;
70000, 100000000, 0,2828640, 852, 13943;
70000, 100000000, 0,2828640, 852, 14870;
70000, 100000000, 0,2828640, 852, 14207;
70000, 100000000, 0,2828640, 852, 14119;
70000, 100000000, 0,2828640, 852, 14659;
70000, 100000000, 0,2828640, 852, 14394;
70000, 100000000, 25,2425029, 740, 14128;
70000, 100000000, 25,2425029, 740, 14765;
70000, 100000000, 25,2425029, 740, 14741;
70000, 100000000, 25,2425029, 740, 14720;
70000, 100000000, 25,2425029, 740, 13909;
70000, 100000000, 25,2425029, 740, 14683;
70000, 100000000, 25,2425029, 740, 14673;
70000, 100000000, 25,2425029, 740, 15773;
70000, 100000000, 25,2425029, 740, 14757;
70000, 100000000, 25,2425029, 740, 14657;
70000, 100000000, 50,2373682, 612, 15441;
70000, 100000000, 50,2373682, 612, 16909;
70000, 100000000, 50,2373682, 612, 14994;
70000, 100000000, 50,2486662, 660, 15505;
70000, 100000000, 50,2315169, 628, 14386;
70000, 100000000, 50,2315169, 628, 14066;
70000, 100000000, 50,2315169, 628, 14221;
70000, 100000000, 50,2315169, 628, 14201;
70000, 100000000, 50,2315169, 628, 14148;
70000, 100000000, 50,2315169, 628, 14132;
70000, 100000000, 75,2820751, 708, 18334;
70000, 100000000, 75,2820751, 708, 17732;
70000, 100000000, 75,2820751, 708, 21927;
70000, 100000000, 75,2820751, 708, 17176;
70000, 100000000, 75,2820751, 708, 17451;
70000, 100000000, 75,2820751, 708, 16862;
70000, 100000000, 75,2820751, 708, 16772;
70000, 100000000, 75,2820751, 708, 17228;
70000, 100000000, 75,2820751, 708, 17962;
70000, 100000000, 75,2820751, 708, 18144;
70000, 100000000, 100,2467964, 628, 15295;
70000, 100000000, 100,2467964, 628, 14490;
70000, 100000000, 100,2467964, 628, 14673;
70000, 100000000, 100,2467964, 628, 14944;
70000, 100000000, 100,2467964, 628, 15194;
70000, 100000000, 100,2467964, 628, 14537;
70000, 100000000, 100,2467964, 628, 15783;
70000, 100000000, 100,2467964, 628, 15096;
70000, 100000000, 100,2467964, 628, 16028;
70000, 100000000, 100,2467964, 628, 15235;
80000, 100, 0,113998917, 24820, 557634;
80000, 100, 0,115062185, 26676, 558169;
80000, 100, 0,112944637, 24308, 551622;
80000, 100, 0,112770499, 24228, 547751;
80000, 100, 0,112631638, 22292, 553991;
80000, 100, 0,112369948, 22196, 550263;
80000, 100, 0,110823972, 22308, 544090;
80000, 100, 0,110321508, 22228, 536919;
80000, 100, 0,111815206, 23620, 542030;
80000, 100, 0,114074052, 25844, 556038;
80000, 100, 25,79431733, 21828, 384524;
80000, 100, 25,77705997, 29668, 381530;
80000, 100, 25,77705997, 29668, 385410;
80000, 100, 25,79816277, 29668, 395786;
80000, 100, 25,82907398, 23172, 406861;
80000, 100, 25,83386345, 23172, 401175;
80000, 100, 25,69725116, 20116, 347176;
80000, 100, 25,69725116, 20116, 345746;
80000, 100, 25,72479654, 21044, 348694;
80000, 100, 25,78126430, 23780, 380846;
80000, 100, 50,66910075, 16228, 329740;
80000, 100, 50,67156593, 16068, 328129;
80000, 100, 50,68001052, 16036, 326261;
80000, 100, 50,68029462, 16036, 337067;
80000, 100, 50,73622068, 23060, 358252;
80000, 100, 50,73622068, 23060, 354736;
80000, 100, 50,72099520, 23060, 362214;
80000, 100, 50,78020898, 27252, 382809;
80000, 100, 50,78020898, 27252, 375870;
80000, 100, 50,84013213, 27108, 409864;
80000, 100, 75,67094590, 16532, 328624;
80000, 100, 75,67088758, 16532, 334773;
80000, 100, 75,69172722, 17748, 330802;
80000, 100, 75,69172722, 17748, 339969;
80000, 100, 75,69174342, 17764, 343346;
80000, 100, 75,68113117, 18532, 329733;
80000, 100, 75,68113117, 18532, 334579;
80000, 100, 75,68305863, 18516, 335640;
80000, 100, 75,70971829, 18932, 343224;
80000, 100, 75,70971829, 18932, 351486;
80000, 100, 100,68223507, 17764, 339114;
80000, 100, 100,67392206, 19780, 327778;
80000, 100, 100,67390541, 19780, 330312;
80000, 100, 100,67115548, 15956, 331961;
80000, 100, 100,67115548, 15956, 321786;
80000, 100, 100,67109226, 15940, 328918;
80000, 100, 100,67238318, 15524, 331578;
80000, 100, 100,67238318, 15524, 325717;
80000, 100, 100,67227035, 15508, 327812;
80000, 100, 100,67982928, 17188, 333826;
80000, 10000, 0,3956134, 1012, 20599;
80000, 10000, 0,3956134, 1012, 21064;
80000, 10000, 0,3956134, 1012, 21548;
80000, 10000, 0,3956134, 1012, 20390;
80000, 10000, 0,3956134, 1012, 20993;
80000, 10000, 0,3956134, 1012, 20397;
80000, 10000, 0,3956134, 1012, 21590;
80000, 10000, 0,3956134, 1012, 22118;
80000, 10000, 0,3956134, 1012, 24415;
80000, 10000, 0,3956134, 1012, 20560;
80000, 10000, 25,3131435, 740, 18561;
80000, 10000, 25,3131435, 740, 18641;
80000, 10000, 25,3110607, 820, 18993;
80000, 10000, 25,3046957, 756, 18517;
80000, 10000, 25,3046957, 756, 18299;
80000, 10000, 25,3046957, 756, 18441;
80000, 10000, 25,3046957, 756, 18420;
80000, 10000, 25,3046957, 756, 19405;
80000, 10000, 25,3046957, 756, 18302;
80000, 10000, 25,3046957, 756, 18472;
80000, 10000, 50,3097121, 788, 21762;
80000, 10000, 50,3097121, 788, 21582;
80000, 10000, 50,3097121, 788, 19852;
80000, 10000, 50,3097121, 788, 19314;
80000, 10000, 50,3097121, 788, 19301;
80000, 10000, 50,3097121, 788, 19348;
80000, 10000, 50,3097121, 788, 20469;
80000, 10000, 50,3097121, 788, 20144;
80000, 10000, 50,3097121, 788, 19860;
80000, 10000, 50,3097121, 788, 20457;
80000, 10000, 75,3474980, 772, 21898;
80000, 10000, 75,3474980, 772, 21690;
80000, 10000, 75,3474980, 772, 22824;
80000, 10000, 75,3474980, 772, 22507;
80000, 10000, 75,3474980, 772, 22487;
80000, 10000, 75,3473822, 772, 23149;
80000, 10000, 75,3183848, 772, 19571;
80000, 10000, 75,3183848, 772, 19593;
80000, 10000, 75,3183848, 772, 19785;
80000, 10000, 75,3183848, 772, 20005;
80000, 10000, 100,3442486, 836, 20130;
80000, 10000, 100,3442486, 836, 20133;
80000, 10000, 100,3442486, 836, 21589;
80000, 10000, 100,3442486, 836, 21231;
80000, 10000, 100,3442486, 836, 21191;
80000, 10000, 100,3442486, 836, 21821;
80000, 10000, 100,3442486, 836, 21369;
80000, 10000, 100,3442486, 836, 21362;
80000, 10000, 100,3442486, 836, 20203;
80000, 10000, 100,3442486, 836, 21979;
80000, 1000000, 0,3323288, 852, 17472;
80000, 1000000, 0,3323288, 852, 17281;
80000, 1000000, 0,3323288, 852, 17809;
80000, 1000000, 0,3323288, 852, 16365;
80000, 1000000, 0,3323288, 852, 17161;
80000, 1000000, 0,3323288, 852, 16383;
80000, 1000000, 0,3323288, 852, 17518;
80000, 1000000, 0,3323288, 852, 17576;
80000, 1000000, 0,3323288, 852, 23269;
80000, 1000000, 0,3311499, 852, 16485;
80000, 1000000, 25,2774681, 692, 16908;
80000, 1000000, 25,2774681, 692, 16342;
80000, 1000000, 25,2774681, 692, 16733;
80000, 1000000, 25,2774681, 692, 16471;
80000, 1000000, 25,2774681, 692, 17295;
80000, 1000000, 25,2774681, 692, 17445;
80000, 1000000, 25,2774681, 692, 16886;
80000, 1000000, 25,2774681, 692, 17003;
80000, 1000000, 25,2774681, 692, 16465;
80000, 1000000, 25,2774681, 692, 16383;
80000, 1000000, 50,2786994, 660, 17587;
80000, 1000000, 50,2786994, 660, 18519;
80000, 1000000, 50,2786994, 660, 22250;
80000, 1000000, 50,2786994, 660, 18793;
80000, 1000000, 50,2786994, 660, 18470;
80000, 1000000, 50,2786994, 660, 18059;
80000, 1000000, 50,2786994, 660, 17833;
80000, 1000000, 50,2786994, 660, 17270;
80000, 1000000, 50,2786994, 660, 17462;
80000, 1000000, 50,2786994, 660, 18426;
80000, 1000000, 75,2998712, 692, 18111;
80000, 1000000, 75,2998712, 692, 19202;
80000, 1000000, 75,2998712, 692, 18248;
80000, 1000000, 75,2998712, 692, 19337;
80000, 1000000, 75,3117848, 740, 19897;
80000, 1000000, 75,3658846, 804, 21524;
80000, 1000000, 75,3658846, 804, 21073;
80000, 1000000, 75,3658846, 804, 21866;
80000, 1000000, 75,3658846, 804, 22657;
80000, 1000000, 75,3658846, 804, 21360;
80000, 1000000, 100,3175456, 724, 18916;
80000, 1000000, 100,3175456, 724, 19466;
80000, 1000000, 100,3175456, 724, 18772;
80000, 1000000, 100,3175456, 724, 18612;
80000, 1000000, 100,3175456, 724, 18284;
80000, 1000000, 100,3175456, 724, 18427;
80000, 1000000, 100,3175456, 724, 18919;
80000, 1000000, 100,3175456, 724, 19098;
80000, 1000000, 100,3175456, 724, 19492;
80000, 1000000, 100,3175456, 724, 18267;
80000, 100000000, 0,3370456, 852, 16657;
80000, 100000000, 0,3370456, 852, 16570;
80000, 100000000, 0,3370456, 852, 16593;
80000, 100000000, 0,3370456, 852, 16723;
80000, 100000000, 0,3370456, 852, 17808;
80000, 100000000, 0,3370456, 852, 17590;
80000, 100000000, 0,3370456, 852, 16659;
80000, 100000000, 0,3370456, 852, 17594;
80000, 100000000, 0,3325585, 884, 16643;
80000, 100000000, 0,3304781, 852, 17373;
80000, 100000000, 25,2867895, 740, 19891;
80000, 100000000, 25,2867895, 740, 16999;
80000, 100000000, 25,2867895, 740, 17121;
80000, 100000000, 25,2867895, 740, 17802;
80000, 100000000, 25,2867895, 740, 16875;
80000, 100000000, 25,2867895, 740, 16841;
80000, 100000000, 25,2867895, 740, 17827;
80000, 100000000, 25,2867895, 740, 16744;
80000, 100000000, 25,2867895, 740, 16830;
80000, 100000000, 25,2867895, 740, 16787;
80000, 100000000, 50,2841344, 660, 18170;
80000, 100000000, 50,2841344, 660, 17665;
80000, 100000000, 50,2841344, 660, 18265;
80000, 100000000, 50,2841344, 660, 18170;
80000, 100000000, 50,2841344, 660, 21630;
80000, 100000000, 50,2841344, 660, 17673;
80000, 100000000, 50,2841344, 660, 18761;
80000, 100000000, 50,2841344, 660, 18200;
80000, 100000000, 50,2841344, 660, 17580;
80000, 100000000, 50,2841344, 660, 17523;
80000, 100000000, 75,3098042, 724, 18743;
80000, 100000000, 75,3098042, 724, 19278;
80000, 100000000, 75,3098042, 724, 18832;
80000, 100000000, 75,3098042, 724, 18544;
80000, 100000000, 75,3468080, 708, 20402;
80000, 100000000, 75,3136326, 724, 22279;
80000, 100000000, 75,3136326, 724, 21815;
80000, 100000000, 75,3136326, 724, 20004;
80000, 100000000, 75,3136326, 724, 18854;
80000, 100000000, 75,3136326, 724, 18908;
80000, 100000000, 100,3235491, 692, 18726;
80000, 100000000, 100,3235491, 692, 18957;
80000, 100000000, 100,3235491, 692, 19357;
80000, 100000000, 100,3235491, 692, 18689;
80000, 100000000, 100,3235491, 692, 19091;
80000, 100000000, 100,3235491, 692, 19827;
80000, 100000000, 100,3235491, 692, 18579;
80000, 100000000, 100,3235491, 692, 19711;
80000, 100000000, 100,3235491, 692, 23723;
80000, 100000000, 100,3235491, 692, 18607;
90000, 100, 0,110194683, 24084, 535087;
90000, 100, 0,105990852, 22500, 519036;
90000, 100, 0,105744862, 22500, 515865;
90000, 100, 0,107796486, 25348, 523508;
90000, 100, 0,107461457, 25332, 527742;
90000, 100, 0,125688581, 36452, 608995;
90000, 100, 0,111611806, 25076, 549791;
90000, 100, 0,111498032, 25028, 538152;
90000, 100, 0,113091147, 24804, 549406;
90000, 100, 0,112882174, 24788, 548743;
90000, 100, 25,94270512, 24148, 465383;
90000, 100, 25,91946216, 24100, 447829;
90000, 100, 25,86744230, 20708, 427270;
90000, 100, 25,87427925, 20708, 428106;
90000, 100, 25,87314535, 21860, 441754;
90000, 100, 25,87849328, 21860, 430973;
90000, 100, 25,87702352, 23844, 436414;
90000, 100, 25,87702352, 23844, 431580;
90000, 100, 25,93611262, 23876, 471510;
90000, 100, 25,93611262, 23876, 460140;
90000, 100, 50,87317609, 19556, 432363;
90000, 100, 50,90843988, 21668, 444837;
90000, 100, 50,90127889, 21012, 441577;
90000, 100, 50,85436109, 20148, 420714;
90000, 100, 50,84193026, 20148, 401975;
90000, 100, 50,85681407, 18228, 418511;
90000, 100, 50,85617452, 18340, 417426;
90000, 100, 50,84149548, 18324, 415027;
90000, 100, 50,84149548, 18324, 409643;
90000, 100, 50,88685890, 20628, 435579;
90000, 100, 75,98222190, 31444, 476124;
90000, 100, 75,92356574, 27124, 450576;
90000, 100, 75,94650513, 26500, 460838;
90000, 100, 75,96321415, 26500, 470728;
90000, 100, 75,91298386, 26420, 444743;
90000, 100, 75,91752490, 26420, 451569;
90000, 100, 75,99356053, 26484, 478848;
90000, 100, 75,99319724, 26484, 482451;
90000, 100, 75,95601272, 25908, 468820;
90000, 100, 75,94776187, 25908, 458236;
90000, 100, 100,95746483, 21908, 467326;
90000, 100, 100,95641139, 21828, 468012;
90000, 100, 100,90342487, 24068, 441816;
90000, 100, 100,90320995, 24068, 432105;
90000, 100, 100,109077040, 48468, 540259;
90000, 100, 100,108840522, 48260, 531919;
90000, 100, 100,104323611, 31652, 505942;
90000, 100, 100,104200433, 31492, 509955;
90000, 100, 100,95250394, 24404, 460988;
90000, 100, 100,95128030, 24340, 463817;
90000, 10000, 0,4744559, 980, 26547;
90000, 10000, 0,4744559, 980, 26396;
90000, 10000, 0,4744559, 980, 24453;
90000, 10000, 0,4744559, 980, 25012;
90000, 10000, 0,4744559, 980, 24217;
90000, 10000, 0,4744559, 980, 24572;
90000, 10000, 0,4744559, 980, 25727;
90000, 10000, 0,4744559, 980, 24294;
90000, 10000, 0,4744559, 980, 24250;
90000, 10000, 0,4744559, 980, 25996;
90000, 10000, 25,3546989, 772, 22546;
90000, 10000, 25,3546989, 772, 25310;
90000, 10000, 25,3668594, 756, 22603;
90000, 10000, 25,3685201, 836, 21802;
90000, 10000, 25,3685201, 836, 23499;
90000, 10000, 25,3685201, 836, 22486;
90000, 10000, 25,3685201, 836, 23246;
90000, 10000, 25,3685201, 836, 21967;
90000, 10000, 25,3685201, 836, 21832;
90000, 10000, 25,3685201, 836, 22717;
90000, 10000, 50,3680876, 756, 24055;
90000, 10000, 50,3680876, 756, 24021;
90000, 10000, 50,3680876, 756, 23698;
90000, 10000, 50,3680876, 756, 22692;
90000, 10000, 50,3680876, 756, 23915;
90000, 10000, 50,3680876, 756, 22996;
90000, 10000, 50,3680876, 756, 22806;
90000, 10000, 50,3680876, 756, 24150;
90000, 10000, 50,3680876, 756, 22516;
90000, 10000, 50,3680876, 756, 22746;
90000, 10000, 75,4061901, 836, 24928;
90000, 10000, 75,4061901, 836, 25848;
90000, 10000, 75,4061901, 836, 28673;
90000, 10000, 75,3484889, 740, 21703;
90000, 10000, 75,4068530, 900, 24374;
90000, 10000, 75,4068530, 900, 24242;
90000, 10000, 75,4068530, 900, 25540;
90000, 10000, 75,4068530, 900, 24580;
90000, 10000, 75,4068530, 900, 24854;
90000, 10000, 75,4068530, 900, 24431;
90000, 10000, 100,3962074, 788, 23309;
90000, 10000, 100,3962074, 788, 24530;
90000, 10000, 100,3962074, 788, 28209;
90000, 10000, 100,3962074, 788, 25535;
90000, 10000, 100,3962074, 788, 23473;
90000, 10000, 100,3962074, 788, 24375;
90000, 10000, 100,3962074, 788, 25052;
90000, 10000, 100,3962074, 788, 23035;
90000, 10000, 100,3962074, 788, 23947;
90000, 10000, 100,3962074, 788, 23692;
90000, 1000000, 0,3952999, 900, 19496;
90000, 1000000, 0,3952999, 900, 19997;
90000, 1000000, 0,3952999, 900, 19535;
90000, 1000000, 0,3829179, 884, 20992;
90000, 1000000, 0,3960538, 1060, 22586;
90000, 1000000, 0,3960538, 1060, 20757;
90000, 1000000, 0,3960538, 1060, 20431;
90000, 1000000, 0,3960538, 1060, 19866;
90000, 1000000, 0,3960538, 1060, 19388;
90000, 1000000, 0,3960538, 1060, 20242;
90000, 1000000, 25,3218416, 708, 18589;
90000, 1000000, 25,3218416, 708, 19305;
90000, 1000000, 25,3218416, 708, 18167;
90000, 1000000, 25,3218416, 708, 18203;
90000, 1000000, 25,3218416, 708, 18404;
90000, 1000000, 25,3218416, 708, 18187;
90000, 1000000, 25,3218416, 708, 20361;
90000, 1000000, 25,3218416, 708, 20510;
90000, 1000000, 25,3218416, 708, 18841;
90000, 1000000, 25,3218416, 708, 19299;
90000, 1000000, 50,3443990, 708, 21115;
90000, 1000000, 50,3443990, 708, 21377;
90000, 1000000, 50,3443990, 708, 21389;
90000, 1000000, 50,3443990, 708, 21089;
90000, 1000000, 50,3443990, 708, 22737;
90000, 1000000, 50,3381365, 708, 21082;
90000, 1000000, 50,3274086, 708, 21617;
90000, 1000000, 50,3274086, 708, 24225;
90000, 1000000, 50,3274086, 708, 20437;
90000, 1000000, 50,3274086, 708, 21167;
90000, 1000000, 75,3619614, 724, 22169;
90000, 1000000, 75,3619614, 724, 21547;
90000, 1000000, 75,3619614, 724, 21429;
90000, 1000000, 75,3619614, 724, 21940;
90000, 1000000, 75,3619614, 724, 21487;
90000, 1000000, 75,3619614, 724, 22505;
90000, 1000000, 75,3619614, 724, 21886;
90000, 1000000, 75,3619614, 724, 23312;
90000, 1000000, 75,3619614, 724, 23165;
90000, 1000000, 75,3619614, 724, 25309;
90000, 1000000, 100,3601535, 692, 22046;
90000, 1000000, 100,3601535, 692, 21561;
90000, 1000000, 100,3601535, 692, 20838;
90000, 1000000, 100,3601535, 692, 21637;
90000, 1000000, 100,3601535, 692, 22364;
90000, 1000000, 100,3601535, 692, 21500;
90000, 1000000, 100,3601535, 692, 21534;
90000, 1000000, 100,3630676, 708, 20785;
90000, 1000000, 100,3619956, 708, 20819;
90000, 1000000, 100,3619956, 708, 22027;
90000, 100000000, 0,3849575, 900, 22913;
90000, 100000000, 0,3849575, 900, 20211;
90000, 100000000, 0,3849575, 900, 20049;
90000, 100000000, 0,3849575, 900, 19662;
90000, 100000000, 0,3849575, 900, 20071;
90000, 100000000, 0,3849575, 900, 18972;
90000, 100000000, 0,3849575, 900, 18866;
90000, 100000000, 0,3849575, 900, 19607;
90000, 100000000, 0,3849575, 900, 19133;
90000, 100000000, 0,3849575, 900, 19313;
90000, 100000000, 25,3286818, 724, 18500;
90000, 100000000, 25,3286818, 724, 19381;
90000, 100000000, 25,3286818, 724, 22253;
90000, 100000000, 25,3286818, 724, 19213;
90000, 100000000, 25,3286818, 724, 19294;
90000, 100000000, 25,3286818, 724, 18766;
90000, 100000000, 25,3286818, 724, 18699;
90000, 100000000, 25,3286818, 724, 18447;
90000, 100000000, 25,3286818, 724, 18585;
90000, 100000000, 25,3120205, 660, 18449;
90000, 100000000, 50,3269882, 676, 20216;
90000, 100000000, 50,3269882, 676, 20276;
90000, 100000000, 50,3269882, 676, 21572;
90000, 100000000, 50,3269882, 676, 25467;
90000, 100000000, 50,3269882, 676, 21501;
90000, 100000000, 50,3269882, 676, 21470;
90000, 100000000, 50,3269882, 676, 20420;
90000, 100000000, 50,3269882, 676, 20223;
90000, 100000000, 50,3269882, 676, 20121;
90000, 100000000, 50,3269882, 676, 20720;
90000, 100000000, 75,3537639, 708, 21243;
90000, 100000000, 75,3537639, 708, 21486;
90000, 100000000, 75,3537639, 708, 22010;
90000, 100000000, 75,3537639, 708, 22177;
90000, 100000000, 75,3537639, 708, 22519;
90000, 100000000, 75,3537639, 708, 22543;
90000, 100000000, 75,3537639, 708, 21417;
90000, 100000000, 75,3537639, 708, 22366;
90000, 100000000, 75,3537639, 708, 21387;
90000, 100000000, 75,3537639, 708, 21430;
90000, 100000000, 100,3675076, 660, 21090;
90000, 100000000, 100,3790463, 708, 21700;
90000, 100000000, 100,3790463, 708, 21966;
90000, 100000000, 100,3790463, 708, 21584;
90000, 100000000, 100,3790463, 708, 22682;
90000, 100000000, 100,3790463, 708, 22803;
90000, 100000000, 100,3790463, 708, 25556;
90000, 100000000, 100,3790463, 708, 22439;
90000, 100000000, 100,3790463, 708, 22009;
90000, 100000000, 100,3790463, 708, 22909;
100000, 100, 0,223156532, 30900, 1082447;
100000, 100, 0,223757753, 32036, 1087388;
100000, 100, 0,222949877, 31044, 1081202;
100000, 100, 0,221328623, 31012, 1070684;
100000, 100, 0,219762575, 31572, 1057760;
100000, 100, 0,219495428, 30244, 1059093;
100000, 100, 0,221638645, 31060, 1077415;
100000, 100, 0,218167442, 31028, 1057388;
100000, 100, 0,218269678, 31700, 1052565;
100000, 100, 0,220364341, 30468, 1070913;
100000, 100, 25,111134607, 27988, 540222;
100000, 100, 25,127585188, 27828, 618763;
100000, 100, 25,110549991, 26180, 534888;
100000, 100, 25,121794928, 27828, 593742;
100000, 100, 25,115097546, 26756, 562172;
100000, 100, 25,132983301, 28436, 645099;
100000, 100, 25,137018499, 30548, 664181;
100000, 100, 25,136815094, 30516, 666398;
100000, 100, 25,108793664, 22068, 526897;
100000, 100, 25,128165674, 29972, 622150;
100000, 100, 50,124192200, 37460, 605561;
100000, 100, 50,123429580, 27428, 602122;
100000, 100, 50,121589859, 27428, 591012;
100000, 100, 50,106451100, 19972, 517217;
100000, 100, 50,112953915, 25764, 546012;
100000, 100, 50,112972594, 25764, 551577;
100000, 100, 50,113180124, 29620, 554513;
100000, 100, 50,109684041, 29620, 530649;
100000, 100, 50,117626374, 28100, 570157;
100000, 100, 50,123842862, 28036, 606323;
100000, 100, 75,111205870, 24276, 532790;
100000, 100, 75,105977786, 23476, 518666;
100000, 100, 75,107104777, 23476, 521412;
100000, 100, 75,108652180, 21780, 528046;
100000, 100, 75,108608546, 21652, 531244;
100000, 100, 75,111490589, 28292, 538973;
100000, 100, 75,108718269, 21812, 529744;
100000, 100, 75,107016500, 21012, 516776;
100000, 100, 75,108636169, 24004, 533458;
100000, 100, 75,117113943, 28436, 568902;
100000, 100, 100,164130120, 51492, 799455;
100000, 100, 100,163641022, 51156, 789943;
100000, 100, 100,138854289, 51972, 673434;
100000, 100, 100,133817493, 39700, 648655;
100000, 100, 100,150540655, 55556, 725683;
100000, 100, 100,150180631, 55220, 729290;
100000, 100, 100,135335608, 54068, 654566;
100000, 100, 100,161332523, 49652, 781878;
100000, 100, 100,137151097, 40788, 664124;
100000, 100, 100,136750616, 40340, 663206;
100000, 10000, 0,5347672, 996, 28154;
100000, 10000, 0,5347672, 996, 27694;
100000, 10000, 0,5347672, 996, 27342;
100000, 10000, 0,5347672, 996, 28688;
100000, 10000, 0,5347672, 996, 27358;
100000, 10000, 0,5347672, 996, 27909;
100000, 10000, 0,5347672, 996, 27382;
100000, 10000, 0,5347672, 996, 27377;
100000, 10000, 0,5347672, 996, 27509;
100000, 10000, 0,5392856, 1060, 28389;
100000, 10000, 25,4242651, 852, 25865;
100000, 10000, 25,4242651, 852, 24911;
100000, 10000, 25,4242651, 852, 25184;
100000, 10000, 25,4242651, 852, 25024;
100000, 10000, 25,4242651, 852, 25608;
100000, 10000, 25,4242651, 852, 26541;
100000, 10000, 25,4242651, 852, 25552;
100000, 10000, 25,4242651, 852, 24820;
100000, 10000, 25,4242651, 852, 25734;
100000, 10000, 25,4242651, 852, 25193;
100000, 10000, 50,4343924, 820, 27322;
100000, 10000, 50,4343924, 820, 26403;
100000, 10000, 50,4343924, 820, 26441;
100000, 10000, 50,4343924, 820, 26423;
100000, 10000, 50,4343924, 820, 26682;
100000, 10000, 50,4343924, 820, 26651;
100000, 10000, 50,4343924, 820, 27561;
100000, 10000, 50,4343924, 820, 26576;
100000, 10000, 50,4293218, 900, 26358;
100000, 10000, 50,4118792, 756, 26710;
100000, 10000, 75,5284449, 996, 31835;
100000, 10000, 75,5284449, 996, 30762;
100000, 10000, 75,5284449, 996, 31372;
100000, 10000, 75,5284449, 996, 31874;
100000, 10000, 75,5284449, 996, 30557;
100000, 10000, 75,5284449, 996, 30692;
100000, 10000, 75,5284449, 996, 30758;
100000, 10000, 75,5284449, 996, 36255;
100000, 10000, 75,5284449, 996, 33961;
100000, 10000, 75,5284449, 996, 31415;
100000, 10000, 100,4658692, 868, 27179;
100000, 10000, 100,4658692, 868, 27365;
100000, 10000, 100,4658692, 868, 26716;
100000, 10000, 100,4658692, 868, 27987;
100000, 10000, 100,4658692, 868, 28516;
100000, 10000, 100,4686519, 868, 26962;
100000, 10000, 100,4718286, 868, 28156;
100000, 10000, 100,4718286, 868, 31708;
100000, 10000, 100,4718286, 868, 29248;
100000, 10000, 100,4718286, 868, 27224;
100000, 1000000, 0,4508760, 868, 22634;
100000, 1000000, 0,4508760, 868, 22219;
100000, 1000000, 0,4508760, 868, 22332;
100000, 1000000, 0,4508760, 868, 22495;
100000, 1000000, 0,4508760, 868, 23918;
100000, 1000000, 0,4508760, 868, 23402;
100000, 1000000, 0,4508760, 868, 22863;
100000, 1000000, 0,4508760, 868, 22281;
100000, 1000000, 0,4508760, 868, 22665;
100000, 1000000, 0,4508760, 868, 22562;
100000, 1000000, 25,3774847, 756, 24209;
100000, 1000000, 25,3774847, 756, 21704;
100000, 1000000, 25,3774847, 756, 21721;
100000, 1000000, 25,3774847, 756, 23130;
100000, 1000000, 25,3622045, 724, 21319;
100000, 1000000, 25,3721283, 724, 21687;
100000, 1000000, 25,3721283, 724, 21608;
100000, 1000000, 25,3721283, 724, 23192;
100000, 1000000, 25,3721283, 724, 26564;
100000, 1000000, 25,3721283, 724, 21879;
100000, 1000000, 50,3589865, 740, 21859;
100000, 1000000, 50,3589865, 740, 23057;
100000, 1000000, 50,3589865, 740, 22004;
100000, 1000000, 50,3589865, 740, 23112;
100000, 1000000, 50,3589865, 740, 21745;
100000, 1000000, 50,3589865, 740, 21914;
100000, 1000000, 50,3589865, 740, 23093;
100000, 1000000, 50,3589865, 740, 27617;
100000, 1000000, 50,3589865, 740, 25467;
100000, 1000000, 50,3589865, 740, 21705;
100000, 1000000, 75,3519165, 740, 22670;
100000, 1000000, 75,3519165, 740, 21551;
100000, 1000000, 75,3519165, 740, 21818;
100000, 1000000, 75,3519165, 740, 21486;
100000, 1000000, 75,4099233, 740, 26248;
100000, 1000000, 75,3802149, 660, 22951;
100000, 1000000, 75,3802149, 660, 23519;
100000, 1000000, 75,3802149, 660, 24202;
100000, 1000000, 75,3802149, 660, 27159;
100000, 1000000, 75,3802149, 660, 23431;
100000, 1000000, 100,4078434, 724, 25548;
100000, 1000000, 100,4078434, 724, 25422;
100000, 1000000, 100,4078434, 724, 25004;
100000, 1000000, 100,4078434, 724, 24350;
100000, 1000000, 100,4078434, 724, 24104;
100000, 1000000, 100,4078434, 724, 23362;
100000, 1000000, 100,4078434, 724, 23415;
100000, 1000000, 100,4078434, 724, 25576;
100000, 1000000, 100,4078434, 724, 30697;
100000, 1000000, 100,4078434, 724, 24165;
100000, 100000000, 0,4230551, 900, 22066;
100000, 100000000, 0,4230551, 900, 21317;
100000, 100000000, 0,4234770, 852, 20776;
100000, 100000000, 0,4443117, 900, 22416;
100000, 100000000, 0,4443117, 900, 22413;
100000, 100000000, 0,4443117, 900, 23059;
100000, 100000000, 0,4443117, 900, 23373;
100000, 100000000, 0,4443117, 900, 22502;
100000, 100000000, 0,4443117, 900, 22318;
100000, 100000000, 0,4443117, 900, 21981;
100000, 100000000, 25,3695254, 788, 21532;
100000, 100000000, 25,3695254, 788, 21683;
100000, 100000000, 25,3695254, 788, 20697;
100000, 100000000, 25,3695254, 788, 20750;
100000, 100000000, 25,3695254, 788, 22201;
100000, 100000000, 25,3695254, 788, 22623;
100000, 100000000, 25,3695254, 788, 21018;
100000, 100000000, 25,3695254, 788, 21685;
100000, 100000000, 25,3695254, 788, 21567;
100000, 100000000, 25,3695254, 788, 22023;
100000, 100000000, 50,3644253, 724, 23573;
100000, 100000000, 50,3644253, 724, 25047;
100000, 100000000, 50,3515729, 660, 22058;
100000, 100000000, 50,3793462, 772, 24389;
100000, 100000000, 50,3793462, 772, 23776;
100000, 100000000, 50,3793462, 772, 24364;
100000, 100000000, 50,3793462, 772, 23078;
100000, 100000000, 50,3793462, 772, 24720;
100000, 100000000, 50,3793462, 772, 27975;
100000, 100000000, 50,3793462, 772, 26270;
100000, 100000000, 75,3796242, 692, 23877;
100000, 100000000, 75,3796242, 692, 23461;
100000, 100000000, 75,3796242, 692, 22861;
100000, 100000000, 75,3796242, 692, 25679;
100000, 100000000, 75,3796242, 692, 23804;
100000, 100000000, 75,3796242, 692, 22990;
100000, 100000000, 75,3796242, 692, 23365;
100000, 100000000, 75,3796242, 692, 23128;
100000, 100000000, 75,3796242, 692, 24689;
100000, 100000000, 75,3796242, 692, 30145;
100000, 100000000, 100,4131146, 724, 25124;
100000, 100000000, 100,4265374, 756, 24198;
100000, 100000000, 100,4270996, 756, 24261;
100000, 100000000, 100,4270996, 756, 24431;
100000, 100000000, 100,4270996, 756, 26098;
100000, 100000000, 100,4270996, 756, 24717;
100000, 100000000, 100,4270996, 756, 24496;
100000, 100000000, 100,4270996, 756, 24945;
100000, 100000000, 100,4270996, 756, 25251;
100000, 100000000, 100,4270996, 756, 28444;
